100
0 269 288 298 322 380 398 498 521 538 555 610 611 615 632 654 663 670 717 757 774 789 807 815 835 893 935 949 954 965 975 995 1009 1013 1040 1110 6729 6887 3102 2060 1290 2153 7585 3774 3756 1310 7055 5482 3097 1263 968
1 157 159 238 265 286 314 364 409 412 415 425 446 488 490 551 568 591 613 633 657 664 724 740 760 772 790 800 1183 1440 9584 2591 1502 1737 5926 1671 6604 138 2264 3244 5526 3849
2 0 1 2 3 4 5 6 7 8 9 10 11 12 13 14 15 16 17 18 19 20 21 22 23 24 26 27 28 29 30 31 32 33 34 35 37 63
3 207 219 227 245 294 302 305 330 343 354 419 441 447 453 463 464 495 499 501 509 513 582 612 617 651 661 680 714 715 730 755 896 899 1221 6165 7624 9514 2848 3106 3110 7892 2818 7984 4371 1951 6402 3975 4841 6337 3198
4 1635 2132 2162 2585 2623 2654 2706 2791 2807 2897 2928 3033 3067 3227 3335 3362 3404 3420 3587 3654 3656 3682 3769 3860 3946 3973 3976 3982 4025 4073 4130 4492 4495 4611 6058 1958 1334 2402 7677 5921 6769 867 4247 6138 9305 554
5 526 544 586 648 649 726 747 749 786 827 829 853 854 938 970 972 974 990 991 1012 1023 1031 1074 1095 1138 1147 1188 1217 1222 1229 1237 1239 1274 1277 1321 1332 5661 8271 1077 2899 708 2614 1954 2780 7117 1482 1173
6 290 346 350 383 387 413 418 427 443 450 525 539 573 614 626 735 736 737 783 814 823 824 825 861 884 904 926 933 956 992 1022 1047 1082 1084 1085 1204 1327 9517 6049 797 2930
7 386 430 462 469 474 548 560 567 595 650 660 699 719 758 781 804 833 875 877 880 947 955 957 976 985 986 1028 1058 1060 1189 1413 3684
8 36 38 39 40 41 43 44 45 46 47 48 49 50 51 53 54 56 57 58 60 62 64 65 66 68 70 71 72 74 75 102 3248 1315 1495 621 5381 9559
9 445 638 672 732 929 941 944 958 988 1001 1236 1303 1364 1380 1381 1409 1425 1560 1619 1623 1640 1678 1812 1827 1832 1869 1920 1923 2013 2042 2053 2158 4171 1384 6304 4288 2486 5851 3483 3767 6698 6459
10 620 801 864 870 872 959 993 1050 1083 1097 1116 1176 1196 1206 1262 1339 1356 1362 1417 1435 1453 1485 1559 1575 1584 1596 1621 1660 1692 1707 2017 2067 977 442 7242 4142 3831 1930 5985
11 440 470 479 535 545 803 810 826 846 856 863 874 910 946 979 982 1019 1021 1056 1059 1073 1079 1100 1118 1119 1134 1162 1166 1182 1186 1190 1296 1313 1385 1420 1510 583 900 5501 3457 155 5276 869 3706
12 1102 1135 1146 1169 1170 1226 1235 1249 1250 1279 1396 1401 1419 1426 1476 1488 1511 1531 1543 1610 1613 1615 1618 1636 1649 1657 1769 1824 1826 1840 1890 2513 3477 5990
13 375 607 1105 1109 1123 1201 1318 1345 1370 1371 1402 1421 1424 1506 1642 1686 1708 1778 1801 1913 1959 1979 1984 2049 2055 2106 2142 2169 2185 2198 2199 2579 3467 5959 485 1434
14 1149 1261 1534 1590 1647 1701 1705 1835 1995 1998 2058 2115 2225 2279 2280 2349 2451 2495 2549 2595 2619 2767 2786 2815 2975 3011 3017 3074 3224 3239 3365 3383 3497 4982 3389
15 55 73 90 93 104 108 125 130 134 160 181 182 185 189 200 203 209 211 222 224 229 231 243 248 255 259 273 276 277 279 301 2955
16 1641 1831 2001 2098 2156 2166 2272 2277 2427 2516 2733 2746 2937 3149 3178 3309 3417 3502 3536 3636 3660 3715 3784 3827 3893 3950 4104 4125 4416 4514 2707 3348 1572
17 580 1330 1471 1574 1788 1816 1839 1872 1991 2021 2130 2145 2224 2256 2312 2355 2382 2386 2409 2419 2497 2502 2512 2563 2698 2747 2809 2844 2905 4178 3818 9894
18 1457 1690 1706 1718 1949 2146 2164 2165 2323 2367 2375 2420 2523 2651 2680 2753 2829 2834 2839 2864 2884 2925 2927 2995 3036 3059 3062 3104 3114 3116 3130 3233 3255 5051 4102 2076
19 492 685 764 780 791 871 916 925 940 961 1018 1036 1136 1145 1158 1181 1244 1284 1289 1306 1325 1376 1414 1468 1521 1524 1569 1587 1588 1629 1653 1666 1670 1689 1746 1762 4656 3046 728
20 147 173 198 201 215 233 237 249 280 296 310 312 332 345 379 396 406 408 433 448 449 473 491 500 505 514 518 519 533 542 592 624 849 468 1766 2700 859 3870 1089 176 1679
21 171 210 214 281 309 311 319 321 326 337 352 359 361 368 382 432 454 456 457 459 503 522 531 547 605 628 641 665 669 695 739 1065 731 2616
22 77 79 80 82 83 84 87 89 91 92 94 95 96 97 98 99 100 101 103 105 107 110 111 112 114 117 118 122 124 127 131 139 145 184 236 919
23 684 894 930 987 1086 1098 1191 1264 1271 1400 1477 1480 1496 1537 1540 1639 1675 1728 1745 1781 1800 1811 1905 1908 1925 1952 1972 1997 2027 2043 2149 2487 1780 4347 725 1597 1714 120 873 5101
24 349 742 761 771 785 820 828 837 857 868 878 887 895 901 942 971 1000 1015 1017 1038 1062 1069 1075 1101 1129 1152 1154 1210 1232 1240 1292 1309 1809 1981 4023 4953
25 667 710 813 1234 1305 1448 1645 1899 1965 1987 2034 2040 2061 2077 2131 2269 2310 2376 2522 2542 2571 2587 2685 2699 2762 2770 2778 2790 2794 3079 3125 3880 4390 1365 2713
26 357 358 388 570 619 622 623 629 640 642 647 673 676 701 712 716 729 733 750 832 836 839 847 882 883 907 917 920 962 1225 404 1604
27 129 132 137 140 141 149 151 156 158 161 162 163 164 170 178 179 180 188 205 206 216 218 220 221 225 226 228 232 239 240 242 268 4594 5333 4148 3057 3600
28 1016 1337 1369 1449 1469 1491 1617 1643 1694 1717 1724 1750 1813 1904 1933 1944 1999 2141 2193 2325 2341 2373 2384 2385 2404 2426 2484 2505 2527 2576 2584 2816
29 478 504 523 541 571 589 700 727 762 830 889 966 1004 1157 1205 1272 1361 1430 1470 1489 1568 1607 1748 1820 1825 1867 1882 1946 2041 2102 2157 1554 2120 1387
30 365 575 779 983 1132 1363 1392 1667 1674 1700 1764 1775 1848 2091 2144 2167 2203 2302 2347 2364 2379 2414 2432 2447 2466 2500 2514 2575 2604 2628 2688 2872 193 1790 303 5182
31 253 291 292 299 300 338 347 370 377 392 403 486 593 608 616 631 634 653 692 718 722 766 806 809 840 843 844 851 881 891 897 913 924 964 2857 3071
32 344 451 928 936 999 1125 1137 1143 1180 1185 1203 1208 1248 1254 1255 1273 1287 1295 1335 1346 1359 1367 1372 1422 1432 1459 1512 671 3441 2112 2208
33 284 285 287 304 306 313 316 331 339 341 353 356 362 367 373 391 405 414 429 434 439 444 467 480 481 489 512 520 528 532 537 550 558 574 576 720 915 4266
34 734 1165 1446 1493 1652 1784 1891 2339 2540 2569 2690 2727 2817 2868 2915 2949 2964 2999 3207 3212 3218 3240 3402 3437 3463 3501 3522 3523 3527 4055 4310 4551 2045 5091 1200 4289
35 1830 2581 2954 3020 3190 3388 3555 4112 4164 4169 4280 4358 4410 4472 4608 4710 4765 5221 5223 5437 6059 6077 6670 6838 7304 7537 7709 7717 7718 7970 8032 8313 8315 8589 8612 8984 9713 426 2177 3172
36 275 315 323 376 422 471 585 618 778 805 903 923 931 934 937 943 969 989 998 1005 1006 1027 1034 1044 1052 1072 1080 1094 1108 1115 1117 1121 1151 1155 1168 1350 1412 914
37 78 135 146 152 165 166 168 194 208 213 230 241 254 263 266 271 283 334 335 369 374 394 401 420 428 436 437 494 496 517 2478 2073 1184
38 1505 1602 1681 1937 2352 2417 2463 2567 2572 2656 2661 2676 2696 2840 2992 3034 3144 3205 3220 3300 3313 3339 3444 3545 3610 3622 3969 4009 4018 4123 4264 4361 4394 4507 5519
39 466 588 741 792 811 831 885 906 908 918 1063 1067 1111 1112 1174 1211 1260 1297 1314 1324 1326 1329 1341 1349 1418 1450 1460 1484 1497 1520 2248
40 527 556 713 744 748 858 1161 1192 1275 1281 1338 1357 1383 1390 1391 1474 1500 1517 1581 1585 1624 1627 1632 1673 1697 1715 1722 1729 69 1583 5862 2116
41 1002 1131 1213 1712 1723 1744 1752 1768 1789 1791 1807 1821 1841 1932 1982 2047 2100 2150 2160 2171 2228 2243 2286 2300 2320 2344 2458 2489 2501 2537 2573 2759 2371
42 707 765 1007 1064 1113 1142 1178 1220 1243 1291 1403 1441 1486 1518 1539 1709 1887 1895 1898 1950 1956 1964 2030 2033 2093 2374 2400 2444 2457 2547 2627 1283
43 963 1068 1175 1259 1288 1316 1353 1360 1375 1397 1427 1428 1436 1443 1473 1483 1503 1509 1552 1598 1677 1704 1721 1732 1751 1758 1814 1815 1852 1858 1894 948
44 569 1379 1406 1498 1530 1578 1651 2044 2050 2082 2232 2293 2388 2468 2601 2721 2743 2804 2853 2867 2888 2906 2951 2970 2979 2983 3004 3065 3122 3167 3266 679 850
45 1454 1499 1504 1544 1625 1646 1654 1658 1663 1711 1739 1747 1779 1786 1787 1804 1806 1810 1828 1843 1871 1889 1901 1902 1910 1912 1918 1926 2136 2140 1888
46 855 1026 1041 1048 1090 1091 1247 1280 1285 1451 1561 1565 1576 1586 1691 1731 1757 1767 1796 1798 1802 1860 1903 1994 2016 2065 2089 2123 2126 2213 2250 2304 2525 3054 2216 3613
47 529 773 819 996 1377 1410 1818 1829 1873 1874 1906 1947 1985 2004 2125 2155 2175 2176 2190 2192 2196 2204 2205 2226 2241 2266 2275 2281 2285 2291 2612 4500 1917 4946
48 768 1054 1179 1257 1665 1854 1857 1892 1907 1960 2063 2122 2139 2178 2183 2211 2233 2249 2260 2287 2307 2345 2366 2443 2450 2550 2565 2593 2626 2683 2923
49 1628 1661 1759 1856 1927 2095 2220 2238 2305 2381 2421 2518 2554 2873 2880 2934 2972 3047 3048 3169 3204 3208 3258 3271 3314 3334 3367 3490 3520 3888 1656 4342
50 754 862 1594 1934 2007 2011 2066 2068 2080 2096 2184 2206 2288 2321 2393 2401 2412 2415 2425 2469 2476 2492 2520 2570 2639 3082 3700 4869
51 2613 2756 3084 3576 3722 3734 4433 4532 4601 4677 5095 5505 5612 5717 6211 6237 6566 7140 7200 7300 7404 7694 7711 8513 8618 8845 8986 9213 9234 9361 2701 1564 6347 2889
52 2072 2577 2603 2704 2855 3323 3366 3615 3620 3738 3783 3999 4049 4096 4226 4249 4277 4470 4625 4639 4751 4844 4849 4855 4893 4947 5069 5175 5245 5299 5407 5441 5445 5555 5804 6180 199 2148 686 3514
53 438 458 460 507 508 516 530 534 536 559 564 565 566 572 578 579 581 599 609 625 635 645 662 674 677 681 688 697 759 777 793 879 1122 709
54 687 845 1092 1347 1490 1631 1755 1834 1955 1957 2000 2025 2099 2134 2197 2212 2227 2230 2251 2294 2330 2354 2359 2363 2380 2390 2392 2405 2413 2436 655 1881 252
55 295 328 342 384 385 395 402 416 587 644 668 690 795 798 818 822 860 865 890 927 939 945 978 981 984 1024 1029 1030 1032 1061 1171 197 3139 3591 4301
56 2009 2242 2452 2462 2470 2471 2598 2624 2650 2662 2686 2719 2748 2751 2752 2782 2832 2858 2871 2943 2960 2967 2982 3006 3012 3014 3038 3131 3155 3176 3186 3241 3416
57 2311 2431 2464 2477 2479 2491 2555 2568 2580 2590 2633 2634 2644 2664 2684 2726 2729 2735 2745 2768 2787 2793 2797 2805 2811 2836 2852 2894 2911 2912 2922 2944 3424
58 25 42 52 59 61 67 76 81 85 86 88 106 109 113 115 116 119 121 123 128 133 136 142 143 144 150 175 187
59 902 1025 1655 1805 2187 2188 2231 2237 2295 2356 2396 2485 2494 2583 2692 2732 2736 2737 2783 2866 2948 2956 2980 3126 3226 3280 3372 3702 3843 3908 3920 5643 3211
60 2032 2397 2545 2562 2658 2667 2669 2711 2730 2792 2831 2835 2843 2910 2974 3001 3005 3181 3183 3229 3235 3292 3303 3384 3455 3456 3478 3484 3559 3569 3616 3714
61 838 886 1003 1035 1096 1099 1141 1144 1150 1156 1177 1187 1209 1218 1224 1227 1256 1266 1270 1278 1299 1300 1304 1368 1378 1398 1408 1444 1478 1492 1494 1522 1546 1556 1566 1637 1735 1836 1878 4820
62 696 1382 1570 1777 2062 2143 2217 2245 2372 2389 2418 2442 2445 2474 2475 2642 2763 2952 2969 3027 3040 3044 3232 3238 3251 3270 3312 3345 3346 3363 3400 3429 3431 3443 3459 3469
63 1699 2467 2511 2665 2788 2991 3008 3073 3092 3100 3107 3111 3112 3222 3249 3269 3320 3337 3412 3423 3516 3552 3566 3642 3663 3709 3711 3778 3782 3814 3991
64 967 1133 1212 1214 1228 1238 1269 1286 1293 1308 1323 1351 1458 1475 1481 1508 1514 1528 1547 1589 1616 1638 1659 1698 1702 1713 1726 1754 1771 1783 2659
65 1423 1915 1938 1942 2085 2113 2200 2222 2270 2289 2553 2605 2610 2645 2663 2799 2847 2881 2883 2963 2981 2994 3009 3023 3056 3064 3094 3095 3129 3165 3378 3407 3692 1070 2826
66 1124 1164 1268 1301 1464 1592 1600 1606 1634 1664 1669 1682 1760 1877 1922 1990 2037 2059 2173 2219 2274 2290 2360 2435 2521 2647 2710 2761 2845 2862 2945 2971 3041 3043 3066 3096 5336
67 244 250 258 261 264 267 270 272 278 282 293 297 307 308 317 318 320 324 325 327 333 348 360 371 378 381 393 397 399 424 909
68 888 932 1014 1037 1042 1049 1071 1078 1087 1127 1128 1130 1139 1140 1199 1202 1215 1233 1258 1267 1319 1333 1352 1366 1373 1374 1395 1549 1734
69 745 892 2127 2259 2448 2725 2741 3058 3242 3357 3369 3392 3452 3485 3499 3500 3608 3612 3710 3716 3720 3813 3820 3833 3846 3853 3902 4002 4008 4035 4127 4152 4244 4276 4423 4436 2433
70 1962 2186 2202 2236 2314 2434 2439 2524 2609 2681 2695 2717 2720 2738 2765 2828 2837 2885 2958 2961 2973 3024 3028 3113 3148 3177 3189 3250 3759 1591 4613
71 2824 2947 3003 3013 3085 3117 3141 3142 3173 3237 3328 3330 3338 3370 3374 3464 3512 3513 3537 3563 3564 3567 3611 3639 3658 3675 3695 3741 3794 3841 3842 3875 3953 4044 3158
72 1416 1571 1650 1695 1738 1774 1782 1785 1847 1851 1864 1865 1866 1931 1967 1974 1983 1988 1993 1996 2029 2052 2092 2094 2114 2117 2121 2133 2152 2757
73 400 407 417 423 431 435 452 455 461 465 472 475 476 477 484 487 497 502 506 510 515 524 540 543 546 557 590 594 596 597 600 604 636 637
74 1057 1066 1172 1756 2028 2038 2631 2712 2734 2850 3055 3136 3162 3171 3261 3319 3394 3454 3479 3584 3597 3609 3618 3647 3655 3662 3670 3686 3687 3884 3931 3981 4021
75 1573 1680 2179 2319 2351 2391 2403 2438 2532 2543 2551 2599 2607 2615 2652 2777 2785 2870 2916 2987 3254 3288 3293 3350 3422 3426 3446 3476 549 2653
76 153 196 274 340 363 411 493 511 552 563 577 598 627 643 659 683 691 694 711 738 743 763 767 1011 1046 1055 1081 1103 1104 1126 1148 1160 1167 1194 1197 1344 1388 1429 2048
77 1389 1393 1407 1439 1455 1456 1463 1466 1467 1577 1593 1599 1608 1687 1688 1703 1776 1803 1837 1883 1943 1992 2258 2265 2336 2348 2378 2398 2517 2533 2582 2629 2637 3045 3160
78 1010 1948 3021 3099 3123 3124 3195 3209 3257 3274 3284 3289 3306 3324 3411 3442 3494 3509 3525 3535 3571 3572 3648 3659 3676 3712 3721 3731 3787 3807 355 2316 2003
79 351 682 775 787 841 912 950 980 1020 1120 1163 1193 1207 1322 1340 1415 1431 1433 1465 1479 1487 1513 1601 1875 1975 2005 2023 2051 2064 2088 2480 3549 3182 4607
80 154 167 169 172 174 177 183 186 190 191 192 195 202 204 212 217 223 234 235 246 247 251 256 257 260 2170
81 1053 1216 1526 1542 1553 1753 1880 1963 1968 2012 2022 2081 2138 2174 2223 2239 2254 2309 2423 2424 2460 2465 2496 2649 2660 2668 2670 2819 2820 1452 126
82 2235 2282 2328 2429 2430 2437 2538 2552 2592 2625 2636 2648 2693 2715 2739 2769 2814 2887 2908 2918 2932 2976 3049 3151 3215 3243 3267 3305 3318 3336 3342 3493 3667 6082
83 1241 1336 1411 1515 1525 1527 1532 1595 1644 1683 1736 1822 1844 1850 1859 1863 1896 1935 1978 2010 2078 2124 2181 2229 2247 2255 2296 2823
84 852 973 1312 1354 1394 1620 1861 1939 1961 1969 1976 2090 2168 2221 2263 2453 2510 2544 2558 2657 2697 2728 2764 2784 2812 2813 2903 2917 2921 2933 2941 2942 3089 3268 482 2841
85 1909 2024 2036 2105 2673 2808 2842 2854 2882 2886 2929 2950 2965 2986 3000 3076 3119 3161 3170 3275 3332 3360 3398 3557 3593 3598 3602 3626 3632 3677 3890 3939 3199 2705 3448
86 390 601 782 876 911 1076 1153 1245 1246 1253 1302 1348 1399 1437 1461 1529 1538 1548 1550 1580 1582 1603 1614 1648 1685 1693 1696 1795 2079 148
87 994 1251 1438 1501 1516 1541 1555 1563 1579 1605 1611 1622 1725 1742 1765 1799 1862 1884 1893 1916 1973 2071 2107 2108 2267 2268 2271 2333 2334 2335 3923
88 1033 1219 1242 1282 1447 1462 1676 1845 1900 2020 2035 2074 2083 2209 2246 2257 2322 2329 2399 2408 2411 2488 2493 2566 2620 2674 2694 2718 2795 2890 3299 2744
89 553 606 639 646 652 656 658 666 693 703 704 705 721 723 751 752 756 769 770 776 788 794 816 817 848 866 898 921 329
90 905 1008 1386 1405 1808 1977 2194 2541 2632 2714 2723 2772 2919 2931 2939 2977 3019 3022 3052 3070 3080 3081 3098 3135 3203 3219 3223 3236 3286 3349 3533 5936
91 2262 3450 3577 3614 3630 3643 3696 3856 3909 3928 3937 3987 4081 4106 4131 4183 4195 4245 4259 4260 4290 4327 4360 4370 4465 4480 4575 4609
92 2340 2410 2428 2455 2482 2498 2509 2526 2556 2557 2594 2622 2716 2825 2849 2874 2914 2978 2998 3053 3068 3069 3252 3359 3376 3449 3488 3489 3524 3561 3568 3580 3652 3410
93 1106 1107 1298 1442 1741 1797 1817 1855 1886 1897 1919 1936 1940 1953 1966 1986 2019 2070 2097 2147 2151 2163 2180 2298 2368 2377 2456 2506 2600 2803 2810 3025 372
94 2876 2926 3428 3458 3631 3804 3878 3974 3994 4005 4022 4050 4089 4103 4124 4168 4200 4271 4285 4299 4305 4355 4362 4421 4425 4428 4509 4531 4549 4556 4657 4679 4725 1727
95 262 289 336 366 389 421 561 562 584 602 603 630 675 678 689 698 702 706 746 753 784 796 799 802 812 821 834 842
96 1051 1198 1265 2370 2454 2560 2638 2682 2702 2708 2766 2771 2789 2865 2869 2895 2896 2909 2924 3030 3063 3088 3156 3163 3166 3184 3228 3246 3247 3282 3540
97 952 1039 1045 1114 1294 1317 1358 1404 1507 1558 1562 1567 1609 1633 1716 1849 1868 1971 2119 2473 2508 2618 2678 2936 3093 3121 3295 3371 3390 3413 3532 3582 6097
98 483 808 951 1519 1545 1672 1710 1719 1740 1743 1772 1792 1846 1853 1921 1928 1970 2008 2014 2039 2056 2110 2128 2137 2154 2207 2234 2240 2827 6290
99 953 960 997 1088 1093 1223 1230 1231 1307 1320 1328 1343 1445 1557 1612 1626 1662 1730 1793 1823 1885 1911 1945 1989 2002 2006 2087 2104 2191 2195 2292 2297 2301 2327 2337 2342 2358 2395 410 1876
