100
0 3698 6083 4994 293 1613 1515 6175 5925 6155 5773 9179 5667 9551 8716 7516 1792 848 3858 3047 5435 2854 5730 9642 8370 7930 7260 9258 8856 6610 2583 5351 2640 1774 7657 5199 2841 8602 3808 7658 5962 3260 1552 2945 5797 7306 6601 5246 9196 6016 7679 6442 5074 5686 9807 2664 6732 9747 5596 4362 8959 7295 797 9537 6294 8003 9946 362 28 8586 8945 776 4920 7484 6526 1619 4972 1522 8389 2379 6818 8964 3895 1291 4521 7991 563 9715 9438 7593 7529 3060 6111 4980
1 776 4018 7673 6227 7939 9274 6378 2630 1218 5197 3865 1534 2082 3682 3577 3599 1748 3527 1993 6952 8637 6364 4928 2 1441 6624 6905 1348 1046 3255 2858 8207 553 5793 2172 2557 4147 7790 3264 4599 4298 2095 6103 6913 768 9437 2147 4691 1869 404 3381 6751 7427 9149 5042 6884 7263 3938 1830 9055 4409 8736 3285 7739 216 4923 9987 3955 3228 8432 2297 8809 7562 265 3612 2372 1141 6181 7153 5756 6214 9264 2591 626 1833 9683 352 4307 4891 320 3089 3430 712 703 5293 326 6266 3496 8100 6493 2722 1958 4913 354 2047 7695 4030 6613 7422
2 640 9757 7422 9063 4412 8810 7645 3701 3883 8430 7304 5790 1475 6627 7739 1945 8464 1001 2012 5495 721 3561 9290 3630 7739 8064 2513 7571 3087 5781 1091 6167 6740 5161 5318 4188 2461 1409 8543 6428 1211 80 8550 1323 3157 8704 1268 881 1255 7216 83 4311 1777 9891 4376 6028 5192 9017 1787 7357 7905 2894 2044 8551 6972 145 4200 3542 9050 1483 2755 8806 1119 7172 8298 3646 8650 269 4887 1202 1621 8896 1367 3958 3872 3832 6597 4764 318 4006 2932
3 7981 4451 615 2100 7137 4799 6959 6301 2029 9731 283 9679 4705 9852 2313 4218 2024 1965 5523 3483 4526 9999 5883 2932 7200 1460 6770 3968 411 3677 5447 4673 7595 185 3081 3005 3133 5525 3203 5767 6924 2425 6113 5034 8771 5504 5575 966 2949 5144 8691 308 4151 5267 9181 4051 5467 7701 4500 1250 7733 5529 400 7429 6407 9056 551 1033 95 9750 6620 8856 7245 6996 9633 7242 8351 2236 4497 367 6738 7120 1245 227 5374 4773 7787 7617 9093 4731 5627 238 5669 3548 9505 3608 7106 869 9864 4160 549 4899 3814 5110 8331 8479 739 2695
4 5789 8081 2695 6135 2900 4931 5211 3686 1136 4153 9793 1930 2967 2010 9935 150 6938 4743 2946 7650 3058 3061 6582 1300 6248 553 3421 6295 547 1298 764 5723 3002 7739 9341 3656 2695 1237 615 7515 247 188 2939 7896 9036 1160 9795 4087 8212 1745 7559 5098 7500 9429 3723 7468 5428 9494 6680 4410 2107 7306 676 2363 1019 498 9477 8944 3882 7874 8901 6915 5590 3189 4930 4679 1930 883 3732 3334 1987 7813 7664 6381 9395 6704 9282 5570 8959 2063 2197 8924 1701 751 1309 3590 2312 628 4721 8314
5 2135 4721 6556 317 7257 3274 8314 7861 3081 1984 995 5924 9722 9652 4971 2172 2447 5623 5438 1755 2330 2078 4439 3155 6610 2863 920 4047 7960 3561 5744 4080 7957 7318 2393 7543 7904 8359 8269 2959 6370 581 6695 8743 9146 8833 7909 6850 7923 3628 5303 56 5159 1298 400 4991 3004 2262 2424 1315 6505 8689 8606 9548 2285 5774 2963 2524 1836 5478 9541 1994 9333 3574 4158 6655 8778 1869 8810 6916 1863 938 2705 9401 3830 8259 4344 1432 4077 5239 9498 173 7738 9824 8177 2628 6815
6 5971 6815 3222 893 971 7091 197 1807 6809 1931 2289 5384 1080 9137 999 2433 3705 2596 7539 2409 8865 1328 3382 3520 7937 2160 7593 8453 3496 4985 6380 3611 2553 547 2025 8688 2027 1325 8788 2629 5382 9399 2116 4560 461 1912 7399 7156 3893 6919 4835 5530 2868 5926 7816 3829 7736 5538 6736 3534 5463 7958 2088 6773 350 4832 1904 6214 2226 5326 7423 4975 251 1062 2125 5381 7760 3459 8585 6769 1036 233 810 8883 4351 5300 6129 6315 4770 4371 2035 6589 7276 7536 5809 8899 843 9026 2224 9383 9625 5977 304 9310 4311 201 618 4683 5398
7 8600 5398 2403 940 520 1906 2088 4302 487 2061 6297 7549 7949 995 8943 7655 6981 5337 114 293 8430 2758 8390 5926 2522 5812 504 5210 1393 6069 8704 784 568 4001 618 6466 6993 7714 5497 3375 6132 6883 3060 178 5587 5091 4395 5560 1396 8474 6531 6736 2109 4164 8860 9060 2179 2318 2598 2866 4384 3172 8799 793 5845 5141 4890 6411 5233 5594 622 9387 7099 5762 1164 9543 1680 2586 2254 7492 9916 2031 7959 835 1233 2211 2907 8657 2785 2080 8095 9941 5499 2561 8746 6268 6473 1262 6047 3953 4748 1582 7191 2199 4774 3918 2152 2489 3836 4072 658
8 89 2686 7547 5225 2219 3269 9616 6988 754 9075 66 2985 2395 2454 1902 3363 4173 1377 1628 3038 5975 7333 2296 5182 1563 279 4646 9462 697 9792 273 8806 1349 4381 3016 3759 2988 9078 3221 6376 4226 8606 6276 8100 9040 7397 6544 5870 7980 8694 2578 6061 4019 5878 4929 1904 8491 1620 4678 6940 9001 8668 8118 8983 7931 1582 1372 8101 3937 2696 1794 2973 6422 4417 5065 818 9584 3493 6021 1922 1109 9253 8431 1497 5243 2613 2750 1583 6162 5270 5353 7459 425 4247 1468 6146 8897 5573 2714 2873 9581 2279
9 2437 5922 9270 8542 60 309 2810 3061 4737 4721 3953 5502 8178 9406 374 8304 6663 1512 7013 4445 3178 5869 1694 3417 8559 8080 8249 8663 3984 9901 1190 470 2675 1594 1269 4770 8447 2196 8143 5943 6424 2078 9188 9607 2279 4996 1129 5274 1914 7804 1232 9069 1964 7944 9079 5057 67 3378 9073 460 8312 4390 5639 4297 7257 9822 2242 1222 5161 648 5741 1603 8339 9485 9449 9416 8207 7005 5561 5809 5546 5733 6665 5125 3783 4949 5738 6120 7013 985 8836 1645 5284 5006 638 4324 7869 2175
10 604 9242 8842 569 7699 3627 1021 2087 328 3514 8819 4929 860 9876 1806 733 4179 7858 4058 2809 5620 5459 9614 3986 8250 6300 5568 3777 853 9194 6648 7628 3238 1353 1406 5780 5376 9778 2743 3127 6430 5830 1212 501 3475 6386 4647 5600 5177 4465 7195 5723 9137 1730 9749 4287 6592 1039 8671 4570 5068 1829 6152 7511 420 9406 2394 9708 5260 2496 7568 2966 8779
11 8769 1150 5310 4059 2628 4580 311 5944 7868 4626 8180 4943 5473 6500 7133 8145 1208 1494 3719 3627 1023 5653 6705 2743 4640 1349 3448 730 1491 7595 3993 2161 5491 7015 4901 5130 2079 8279 1432 1770 8252 5640 4714 5765 6484 9761 6115 775 1227 4149 1682 4787 6501 8041 3895 7079 7997 4482 2031 345 6701 4821 4604 1449 7272 5943 1735 8266 5586 504 190 4556 4256 1139 6960 176 8723 9788 7948 2167 9263 7113 5534 6770 5437 7427 7864 914 3977 2943 2139 9543 659 3285 9298 7127 892 6557 7901 8250 9865 6240
12 2089 5832 8374 1010 38 4566 5441 6240 2218 6375 7905 4368 3190 8006 5026 5037 3116 6610 4862 1253 7478 2384 3475 7948 6528 3753 6517 7465 7529 1541 1810 1186 8788 9011 1415 7732 5227 1821 1079 1566 4283 7990 6940 8849 4088 8480 4719 9129 2926 5297 6678 8905 529 5477 4176 4189 3006 3847 6047 3107 1084 9420 4530 8826 9244 8729 892 2343 7568 6042 5249 353 8845 9811 8586 9281 2665 5475 7832 563 6215 7400 694 5558 1901 9135 4290 6344 8199 5987 4615 8663 8377 6037 3215 686 8055 4579 358 3809 4699 7249 9196 4584 8090
13 6049 4889 8090 5590 4246 2876 3238 6016 3070 2245 9455 1408 1630 3775 1531 2877 7845 9420 7767 2051 4829 1794 9571 4945 329 2412 8952 4936 5904 3700 7698 8404 4992 4673 6095 9491 4883 1336 2452 556 9225 3286 8324 7970 5086 7699 1316 1481 2365 9948 8727 5671 3870 89 6383 1566 5082 1182 3286 3426 273 2706 877 3243 5596 5507 6137 3674 1375 126 4419 4261 428 8434 7740 623 9838 9063 6610 4979 8293 4654 7712 8711 8671 7387 6811 4669 8663 900 7140 1836 6019 2936 2525 2516
14 1120 2936 8752 3417 2052 4795 454 6768 6241 2525 2516 6738 3209 2315 9746 1257 5501 6165 4244 5012 9216 9138 7781 3304 91 1306 9752 1246 2382 725 9209 3448 4177 1174 745 1683 9250 967 2907 9657 4816 5035 6901 3906 8589 339 7956 992 3767 6436 8586 3647 9767 2392 9467 2672 4928 8615 1135 9395 2893 8783 7223 4325 4654 5121 727 3853 8001 6693 5894 3683 3131 5200 5571 55 1667 987 7774 6628 1668 5335 9760 4326 5207 5116 60 5561 9514 4745 7536 9588 3598 7336 2347 5825 6088 3634 907 1011 9815 4273 7393 7582 4736 5642 6924 737 6664
15 3531 9182 2477 8894 4840 2719 3669 6323 8190 5675 6664 7095 9286 6521 6800 3085 1316 9195 8688 4043 1470 7575 1177 2441 7163 3294 4853 2486 7583 408 9254 4698 465 5165 3800 4568 1542 9655 508 3243 8662 619 4925 6605 7189 6456 3940 7887 2250 9741 1950 260 482 5370 296 8493 6988 7359 8855 6900 1033 4556 7594 4705 1872 958 5528 1599 9712 5027 5069 4838 7574 8605 8166 4042 5674 2246 5765 1344 8943 1858 3254 2301 536 7660 5683 3969 3006 4052 8913 8597 8537 6394 8993 1856 9932 6564 553 2672 9339 1791 9330
16 761 2378 9330 565 8187 9395 7576 9668 2499 5614 5373 5053 7215 6374 3646 5095 9658 6402 4756 6124 2481 3511 1431 888 2350 1954 2533 1643 4976 7373 3261 3568 3407 2754 2123 8379 5464 965 6208 8757 6235 2020 8697 7534 1630 7640 106 2785 5526 4303 2239 8921 3074 1786 3687 3254 7755 642 1321 5757 2864 1779 7468 9241 544 9776 7520 5240 7546 2987 8766 4632 5594 5086 9128 9367 744 5401 8599 756 6867 2575 365 2640 8111 9400 879 4576 5691 9468 2312 2901 3759 712 7698 9524 6829 2315 8742 7376
17 4712 7376 2985 1064 7892 808 5757 3451 8061 1907 1023 2999 1287 8493 7155 4075 9326 3725 5659 867 7882 4165 6775 8590 5187 8823 6301 5852 7088 9734 1252 357 6670 732 1725 5638 6774 4000 4294 1507 7556 649 607 8882 3926 8716 3809 7052 8941 3758 5294 7900 2222 7932 4654 5576 2374 3116 6769 7192 2613 7419 7954 4545 6625 7151 4654 4085 8564 3434 3388 6843 9158 3835 4730 5923 9179 1144 6872 5552 4217 5270 9977 4389 718 3414 7637 1164 6784 7551 1312 4308 1220 6033 6445 5497 5401 8290 5530
18 6686 6945 1609 9006 8290 165 3506 5047 6351 1658 5530 7892 1037 5876 9726 3729 7370 8953 1540 5802 408 4051 5183 93 5948 5245 9427 5445 1828 4241 8849 1738 9299 412 1371 7865 16 3546 6162 2003 1738 6559 9806 6529 3931 7114 7811 8405 5835 2353 9414 2386 6319 3150 35 3171 617 2015 3818 3507 7751 2326 786 5803 8645 6646 2231 837 9255 7560 5451 1292 8457 371 5805 3446 3287 1031 6586 9459 6470 7839 1340 4860 7319 4332 7130 8583 7776
19 5181 1815 7776 1426 7016 3395 8723 731 7047 556 2473 1416 3365 908 9962 2482 2401 9247 5517 1806 6120 3164 7532 6372 2857 2385 7620 4433 9152 9142 1013 2223 3419 9918 2106 9027 9424 4340 7178 8455 1587 4759 1392 8640 3462 2093 8011 1669 5972 9269 5159 6840 7204 521 267 1752 7616 5656 9850 5665 8790 8210 4296 1441 5979 9167 235 1711 7449 3214 2475 4620 6892 3169 8381 6616 9097 3345 8211 6692 9874 7579 3039 5715 416 2324 1158 278 8097 4625
20 9802 4625 652 5105 3821 6026 8599 6711 2812 4346 7149 1983 1244 8989 1356 8948 6630 4230 1322 6642 629 7061 2478 827 8266 1579 7447 1085 3309 4197 9765 5666 8820 9877 1507 156 9613 2901 8823 4524 8707 538 2131 3732 4411 985 1191 3742 9360 5558 8992 9645 8050 1326 5531 5062 2837 8146 4938 2698 5106 4546 3192 6378 7413 3647 2171 6144 2355 1710 1316 6024 5272 2923 4737 3008 7613 1215 9727 8813 6300 7095 9368 9175 1889 1772 2330 5792 1489 9368 491 8572 8679 2317 5235 2898 5488 6423 9229 745 8714 9687 5432
21 7375 8139 3460 1910 5021 2792 4671 7320 1676 8997 478 4099 32 4966 623 5236 5670 7390 7779 4594 6723
22 4231 1002 5662 8522 653 8792 9666 1761 150 3301 6567 3456 9162 4153 7228 8691 2400 248 8145 3755 4365 4507 8359 8915 7410 3793 2399 6426 8393 9442 8726 4788 5235 2524 8499 1851 2254 7889 316 5515 7115 5914 9096 9895 3715 4100 6235 2638 4593 5096 7434 972 7774 1921 185 9361 4100 9611 7765 2093 9041 6343 727 2116 5206 9397 5539 8242 3134 6924 2643 3526 1126 3126 8361 3729 415 5364 2573 4516 4124 9428 835 382 2714 7950 3253 5069 8940 3511 1035 323 3627 7114 5631 991 8439 8956 3015 8242 6086
23 8052 6086 9121 1241 5132 4413 8805 5403 1537 3385 4939 696 5721 5850 2809 5821 8730 2564 5049 7773 7267 3146 6539 1155 8664 9179 2599 4372 4151 4567 7053 9987 7109 1420 6417 777 3290 1882 7660 2314 2524 9900 389 685 8085 3836 5378 3683 3070 5212 7836 1880 9669 2883 4352 5927 1494 4004 8750 5234 2936 1352 1920 3676 9239 2470 3855 2527 399 7612 6668 5945 4146 9016 2059 9364 3615 4507 7353 9938 7101 2153 7607 8655 5700 7030 8084 9679 9516 6153 1710 7247 3934 7398 9311 2841 2573
24 781 5864 2854 3923 474 2163 3195 6534 8118 4796 7613 6148 7592 8719 5424 2869 4350 9498 2396 1591 6184 9496 6514 1841 1640 7675 823 835 3782 1848 7173 999 4084 6224 4461 4403 5374 179 7307 4108 4968 833 6386 8383 571 99 9213 4050 4421 3592 245 748 5538 2776 372 1970 6065 199 9763 1534 7120 5796 2552 1075 9080 9284 4626 8766 36 6689 9876 811 2681 1847 4909 3459 1210 8113 5884 7670 4119 8196 9145 6195 9191 7831 9966 4684 5820 391 2246 1925 1809 7850 9771 8572 5034 9239 3506 9527 7654 1682 2826 770 5351
25 7611 6267 770 8832 7744 2677 4303 6320 4041 7778 9256 1936 4506 3696 7236 3204 620 6279 91 7300 4759 4931 6677 6743 785 7434 645 1175 9824 8147 77 9439 3079 7670 337 8938 4290 6945 8784 7645 2424 3308 9717 3656 7623 5351 6513 2234 9293 462 6122 2436 4600 1312 3929 3219 3602 2737 920 9438 3970 1337 1550 2672 4405 9010 1177 820 6416 2657 5024 7703 8350 5825 6465 3086 5463 152 7649 9735 1092 758 3774 3438 6050 5843 4507 8325 6661 4226 8672 8604 7192 6864 3599 6180 1125 4394 8461 9868 9731 9772 7473 411 8773 9637
26 19 4447 6749 3385 7804 5683 3012 3217 5821 7979 3833 924 9269 5252 3448 9020 9617 1961 3546 744 8410 6774 8039 3563 5342 6745 3957 3593 5194 1595 7372 5970 8672 8083 2343 706 6872 8884 3548 4687 5399 5138 9583 8676 9710 1173 4335 537 8357 6954 6025 8195 2583 6965 5086 563 354 6697 7627 9126 3247 9480 9748 6258 1503 2085 6867 9857 8934 2986 4259 1060 7565 6764 6189 5442 3129 7208 5151 655 8668 5168 4241 6338 7905 3734 6501 9689 3976 4290 2611 2832 3996 2756 8731 7820 8560
27 5066 8731 7820 3282 9627 9740 7030 8560 9130 1238 5503 2234 6034 4781 4586 9034 820 8588 3909 6685 9036 620 5604 7747 4053 4111 7378 6418 266 6007 2411 9560 9587 8605 268 1109 1096 6044 526 1900 8899 3634 6925 7517 5993 3079 7998 9679 8402 8120 5694 8761 3006 6861 5221 6337 3584 260 1088 7549 3661 3156 1015 3231 4385 4148 9958 999 3037 4909 2742 6711 3239 3648 3237 1321 7216 1591 6935 5712 4246 3293 5311 3864 408 1162 7428 2262 6737 200 871 5554 6819 4356 7501 6774
28 255 6774 8763 2807 5792 6063 9787 5090 2017 5579 5294 1774 2526 1892 5079 5306 5942 195 8005 7299 9121 7953 1308 8927 244 9527 9448 3370 2241 4075 2019 8599 4585 6163 5065 433 1058 9170 4857 3244 7476 7168 3438 5146 5009 3739 4237 1297 385 5593 7963 9339 3339 830 4530 140 5108 7002 1928 3863 8362 1729 1692 9746 7740 4063 1116 350 194 9612 3745 5155 7429 7939 4336 9402 4175 7244 7527 7228 4111 5875 2829 6266 5561 2773 3539 7900 6853 3847 570
29 2022 1828 2397 2225 7618 5962 2611 1788 8871 2984 3178 3714 1965 7740 8372 3911 2028 646 4457 9156 9426 1114 4621 2474 991 8431 6267 8260 9511 9781 1329 4246 4198 1153 1636 4437 7912 4908 3951 3954 8483 4694 9890 8692 9305 6495 9556 842 3954 2417 4827 1598 921 9025 7365 679 6826 733 804 5144 4274 7506 6695 9918 7412 6299 8777 7315 8177 493 3185 2938 7515 2286 7676 2288 2892 3696 5545 6811 6450 1677 2910 4681 7835 6052 4559 997 471 3577 1840 6770 4098 6098 4490 7108 3679 5128 9796 5205 6191 9374 5819 4884 3237 2146
30 7096 1491 2146 145 1895 6537 5300 3812 1528 3066 8238 4344 5489 3691 7056 3737 6422 5584 952 9759 7451 3221 2578 8174 7282 5326 941 2459 4061 6425 2032 9225 1850 9784 6410 527 8356 2924 6012 2879 3680 6257 5257 3684 77 9364 3306 7327 1710 3161 1064 8612 2227 9730 9843 9247 7430 373 9437 3491 935 9493 3913 7175 9202 3624 3531 163 8132 7332 1071 2865 2629 3737 9894 9679 5620 2669 6548 6602 5311 7040 8415 7732 2296 8093 6843 6597 3297 7471
31 2494 2091 9607 9046 2546 1663 6111 9439 8022 2810 1553 5175 5840 2915 3009 2632 8608 4003 3242 5534 3202 7677 4653 3267 9086 6557 5125 559 1551 3530 4973 7471 8330 132 4322 486 2814 2176 5702 300 9487 924 9336 2845 5121 881 949 5197 4978 7274 4408 9665 672 1541 3094 2685 4606 8238 6491 4389 771 5828 979 7593 1414 1624 3854 5175 9035 7026 1057 579 6473 7158 9534 2956 3589 9262 4198 518 9068 790 7688 3881 4871 4602 2279 4127 259 2215 2833 720 708 2476 8024 6369 2400 1066 8428 2831 949
32 4610 8551 5391 8854 4944 3211 7382 7617 134 3400 9246 5990 8743 575 7048 673 612 9208 7564 9023 5054 9044 5665 6979 6053 4530 5461 8784 7637 1120 5370 116
33 6449 8988 7775 4334 5530 8951 2554 6602 2095 3129 7664 516 9665 7005 3526 3705 7007 2629 8193 3450 2554 7761 6140 8323 6147 7607 4919 1387 3349 4670 6369 3501 3975 968 2029 8975 7789 5148 5476 2473 174 4306 5249 3831 5849 105 6872 890 8635 857 9038 6919 5888 705 9703 2810 1896 3435 9857 743 9220 1965 2566 1174 3581 9671 7000 7515 5696 9130 2783 894 7418 8759 2068 8388 9067 2159 5729 8070 8203 2806 3973 4323 2391 1545 2870 9779 750 6987 5883 7376 8591 8370 5366 3909 2146 91
34 2302 2500 6788 3914 171 2146 377 1675 4110 7004 91 9841 2113 9901 4228 8410 2490 224 8116 2224 4769 9612 7204 8445 4297 5805 1347 6694 1905 1201 7443 6369 4570 8426 1170 6109 1491 1022 278 3382 4383 7334 3177 7831 6736 6971 3643 6370 2628 9643 4943 2378 2389 3931 41 2300 1753 5081 1557 4876 3971 487 5213 193 5190 8169 6424 6883 234 7743 2243 327 6315 6273 63 9926 4966 1171 1735 3930 7830 6544 9632 9776 1261 3326 233 5687 362 586 6868 6149 2188 1963 9942 6755 1445 6840 1717 6306 9521 3592 8391
35 6363 8391 6523 7832 4996 7272 1214 4382 7387 9999 502 7695 916 1938 8277 6652 3168 4434 7594 4928 5921 2954 1775 2022 8829 715 1531 9807 426 8659 8471 2745 1967 8365 6897 142 6882 3230 5101 2492 8349 4875 5463 206 3640 7294 2488 8636 9352 5814 9860 4729 6433 2163 774 7752 2208 397 6074 2361 4897 8377 3261 733 6977 7086 5269 3845 2873 5103 4586 2893 6742 4305 7650 2802 8669 2631 9002 1526 854 1531 9631 6651 2472 5749 9683 6133 5261 2116 879 2533 6121 8709 5467 2111 8742 3375
36 6835 3375 6619 32 24 530 5242 9426 8966 4843 6108 9276 4863 7892 3771 1095 8889 3508 8566 8014 1308 729 7850 8059 5173 8146 993 3863 2320 3463 5629 4320 6362 7821 5947 2526 4447 474 4616 515 9668 8521 6589 948 8324 7074 7130 1296 8995 4066 9005 3758 9859 8753 3083 6112 9065 7484 3526 5496 7715 6254 3933 895 4860 3644 7491 8841 369 8809 7467 4890 8202 6397 6301 8894 7250 8396 4546 7286 7735 9307 3399 9641 6607 2272 7818 8190 3335 8075 2078 1101 9012 9204 7446 9297 1235
37 681 7446 7308 9898 7880 9192 9297 5287 8501 4042 3503 8497 588 173 5327 6364 4302 1325 9198 6511 9310 6550 850 6943 8681 9479 8858 7760 8505 9609 6891 2261 1706 8901 3402 8431 1398 4386 4442 1235 736 5568 8801 5587 89 5149 1583 6715 261 7756 331 3289 1958 9305 2436 5291 4204 3942 9409 298 6869 2845 6890 8849 4359 1139 7453 5023 5471 8461 1863 4270 7300 7349 6608 9865 314 7620 2440 8511 7065 9659 2223 8953 8531 6027 1475 6090 4431 4625 5941 3433 9626 9491 5192 3425 8609 1331 1197 7526 4212 4676
38 4561 7526 4212 4665 7516 4676 5257 2905 760 8490 4155 8569 475 9669 3347 2736 7986 6348 5101 8154 3680 7915 6508 1097 6956 7117 9882 2463 2513 3938 9079 5671 4215 701 2521 832 1735 5196 2689 1520 5750 5925 6032 8864 6565 6905 9649 6607 6126 3063 7184 6493 2465 4918 6794 5411 9915 9309 2890 3200 6928 2805 7760 4856 2671 2644 7006 4195 9810 3896 1261 1409 5545 7431 322 4809 9005 6268 8340 1478 1427 1839 8355 7656 5295 4578 1958 1313 4648 7226 5258 5627 6563 3872 3828 5473 2596 7016 8732 3825 7276 2991
39 4624 4928 6992 7019 9975 8663 3240 9682 6632 7525 305 5615 5468 5029 5658 2494 2025 5356 9831 1881 5182 9036 834 9789 574 4326 4090 663 4400 1075 1976 1263 2073 7207 6690 5350 8653 6526 5406 891 2135 1964 6895 6563 6383 8855 7729 1783 3238 3964 6626 4105 4763 9576 3435 855 2991 8928 3066 1698 8476 2340 1030 7877 5661 1182 5606 9437 2545 7973 5978 9957 9810 7572 8557 2716 759 4314 484 8860 2151 2511 8848 7357 9781 5131 7436 3358 2813 3122 2809 454 5436 6387 7948 4196 6383 7244 6860 9949 231 1353 1710 4070
40 6405 1710 6150 3003 944 9690 3918 9063 4070 8308 7655 8237 2624 8607 1066 9079 387 5494 5681 8639 1789 2648 1594 4592 9054 6048 4265 7687 2975 6510 6442 905 3984 748 4315 5176 6809 2310 2172 858 2485 428 7406 8016 7387 9605 3447 7601 6494 4799 4102 9481 5561 4870 3023 54 2653 9893 4219 4997 9052 7095 1789 9953 3093 8577 9038 5315 5148 4798 1250 5660 9678 6909 5143 4912 4950 6519 5488 3868 5226 9581 8077 6797 9591 2518 8771 5611 6071 7552 3917 4575 3264 107 6216 8038 3383 5188 6319 931 4759 3260
41 7186 5341 8320 1651 2716 686 106 5517 5949 952 4771 1396 6605 2456 6562 4256 4484 6086 1427 8384 6108 8453 5595 8311 7819 5190 9292 116 1871 8381 9130 2912 4068 2338 9326 5668 1635 7725 6138 9750 5786 7250 3358 8587 9069 4832 9964 1471 7489 9863 3589 7336 9490 6356 7669 1366 8433 3367 9342 2505 7816 8838 3373 5995 6609 7566 8296 7406 6055 539 3255 8557 9104 7947 8656 6031 5538 3030 8337 8183 3191 1476 8109 2178 5128 837 1999 6060 6345 4394 5940 6503 9788 8020 2263 7529 9939 3534 8697 2718 9576 4815
42 5954 7651 8217 337 2414 7704 7486 1732 2404 5243 4852 5701 1728 9151 3987 6032 4045 315 3866 3164 506 859 3933 5665 975 7030 7349 4208 3593 2448 2262 8963 5767 666 3174 1781 1852 5244 2800 2422 1618 2667 2411 3977 6032 9800 8895 4829 2917 1717 8361 1341 6467 5909 5596 1079 4717 9133 3231 3470 1546 7890 591 7769 9434 5339 4483 1383 9997 6783 4962 9190 6978 1898 8246 9258 960 2566 7603 5498 9443 5650 3064 6856 9692 518 5647 1270 6170 933 1329 4705 6507 6310 8458 2926 714 5277 8645 6513 609 5133 5171 3403 3591 6130 7570 9858 3145 5466 6311 2749 2855
43 5872 576 8079 5202 3824 6092 6341 8228 984 6499 53 2619 7814 5413 6646 7126 1999 9474 5957 6868 2830 6024
44 5976 8017 1329 5618 1878 355 2037 4077 4453 8353 3083 2318 8912 335 2323 9381 4504 8698 8833 1510 944 8215 1609 7058 695 7752 825 7631 4001 1138 190 674 3386 580 9166 1876 7490 2338 5058 2355 8266 7533 9435 2073 5131 1670 2916 4153 9931 9081 6416 6434 6361 3775 9641 4492 1203 5342 9787 8500 5816 8152 7811 3015 1565 9097 6125 4196 7089 1166 5958 8906 1284 5807 1537 9385 252 6140 1350 2092 6319 5443 6919 4739 4115 845 6500 4209 3025 2423 9999 5031 9398 9871 5062 9264 5966 749 2367 671 2664 8932 351 8162 1051 6371 9718 9106
45 8563 2899 3496 8336 7221 2669 1549 1427 7165 3408 9840 9918 8837 9675 9205 6072 611 9053 691 298 6185 3128 6734 6273 3792 826 3869 6252 6954 5294 8659 7657 8367 497 7192 4773 7320 2116 4187 6163 6175 5988 6403 9462 3651 6402 7865 1649 8248 7974 8507 3733 9904 6799 4390 6160 2533 2032 2443 1313 8365 3665 8206 6419 3130 635 6590 955 8912 6106 3968 5689 7666 5619 1974 4532 2929 9269 2282 2136 2343 614 616 4581 2380 7503 8153 5253 4428 6732 2077 1006 8061 5637 6946 2847 1741 3431
46 2935 6409 3247 4266 835 4443 3503 5897 8023 8819 1741 8511 1189 2091 3431 7340 2235 9655 7247 8392 4198 5381 20 7799 2789 943 5584 8004 1186 6421 1415 3838 2962 5716 8530 7280 558 2959 6677 5540 1221 9272 7725 1600 1651 3936 5020 9929 462 8064 3128 9964 9246 1653 6762 9434 3225 644 9210 6373 8470 6677 3309 7787 5670 3700 6190 5495 8083 6623 4688 8386 2860 7146 5303 612 1861 2341 7935 2842 2092 798 6764 3027 213 3281 6007 5267 3304 1643 9543 4609 7416 3276 3820 2269 6526
47 9051 5127 628 4129 7880 9838 3730 7084 2299 8430 6526 7811 8481 4367 4007 5103 3238 9693 6232 6365 3239 1782 7496 6821 993 4702 4548 6665 7870 6177 1204 73 9918 9502 3082 4734 824 9216 4461 2667 7638 6470 963 777 2486 1419 70 4581 1009 2983 7443 3891 2049 4577 9398 2572 2083 182 8853 6009 9583 4421 9667 786 5465 263 1217 1814 2900 3480 7536 6495 5183 8165 3798 4855 8156 480 4825 7968 4250 8520 5494 9122 9654 7078 4045 8053 3177 6190 5503 6451 8059 7695 2026 4741 3213 6001 1303 7480 6118 8293 1543 780 7326 9247 1910 3869 3938 5301 6752
48 7535 1271 9191 2097 8628 3143 2489 8718 7502 9446 4749 4842 1279 1046 7708 8495 6365 7143 3662 6052 4772 2550 1245 3279 4566 4268 3441 6579 204 831 9212 9191 9111 2681 125 4439 8955 5560 9177 24 2205 8728 2316 5173 5610 9325 4712 399 1773 5504 8929 9795 8385 4850 9583 137 3712 2474 5738 1917 4781 7720 181 8069 1042 4131 924 4576 2525 3267 8541 4121 3894 5831 27 5305 5712 4829 8626 9216 4843 2582 5508 7638 1762 2493 3505 5250 6968 1778 3284 1941 2823 2930 8062 7565 2610 3292 1868 5087 9733 5162 1859 9943 104 4775 5379
49 9956 3041 4424 6704 5905 9818 6072 6428 6183 974 1261 1989 3903 3871 7957 6288 897 1890 4524 5542 2279 6446 6241 7216 3918 1670 1111 1606 8170 1712 2747 2313 6485 5450 7194 4694 7400 3095 6356 7269 3997 5725 6767 2795 4619 6347 2071 9119 2414 7404 8082 3799 7670 482 7626 2419 3304 544 3784 7643 2033 4658 6115 3549 1896 2387 17 2829 256 9476 5221 5920 6268 4500 4223 6653 7813 2805 2960 9646 8753 9596 943 8014 871 3987 8412 8882 7982 5797 5053 4126 1058 6707 6951 8812 4456 5150 8907 7186 4080 3649 5926 2075 4825 1321 1788 4945 5096 881 8708 599 8014 7283 9851
50 6545 7427 8335 381 7930 7863 1866 7458 5277 1014 8367 8825 9930 3842 7583 7052 727 1450 7220 7665 6365 5691 2104 1016 4240 8675 2023 7250 8711 392 1271 5327 6425 4936 9694 3530 3465 9311 5114 2214 7521 7640 2531 3003 9851 7784 8577 2588 9778 838 3582 9263 682 412 2562 7803 5113 6820 3924 6198 5885 6779 2977 7597 854 4678 1507 2748 937 359 5756 9027 6807 1802 8607 7450 5422 2938 7212 3439 6462 6826 5844 9547 863 4567 5991 5235 489 6424 6781 8088 5973 6075 9359 6484 9271 5783 4949 69 3496 3689 315 6813
51 6791 8551 5490 3527 315 2386 7416 9599 6971 4142 6025 985 6238 6690 9121 3202 1056 302 2044 2122 7718 9249 8235 2895 6720 8712 6366 7315 5660 3438 2152 6737 3363 9957 2163 7215 3869 4054 4017 8566 8714 30 7134 7681 406 3667 1911 7998 4749 3630 2878 3636 5312 1730 1914 7653 9687 3738 5586 9795 9397 6093 2733 1867 997 3944 6886 5055 2693 3286 9983 2987 3547 4790 2574 8358 9472 608 7737 4816 6813 1158 5274 520 4169 1597 3697 1029 9508 6036 2918 7821 9571 2559 8236 6884 6881 8751 9962 5267 5204
52 4693 4473 9962 9570 5192 8735 2072 5267 3571 204 3526 6933 2419 8790 373 7202 8618 8762 6730 5204 5254 3978 1944 7272 2077 3529 4246 8228 8426 3649 6618 5187 4285 9275 4983 3177 9226 3404 8173 8477 6471 636 2774 7253 200 1953 8958 5051 2015 1998 5568 3630 4625 8493 1775 5057 5961 4707 2794 2055 2798 3303 3342 6962 9196 6821 5537 5708 3847 8770 3316 5668 6635 6327 5783 8101 4727 7521 6183 2128 5164 4465 8183 9461 1029 950 427 9360 7626 3396 8253 6156 6908 4919 4346 9832 6519 4366
53 6275 6197 9453 3150 1411 9303 334 9235 7325 9595 577 4407 6523 6318 4565 762 53 6478 6074 8320 6288 2343 4724 9955 2534 9715 485 429 5621 2746 2109 7096 7618 7841 6124 3442 8690 5285 6025 472 1825 9994 4200 1300 3478 4143 1689 9593 1481 4652 776 4657 289 2463 5702 6157 2174 5199 3890 4366 9588 1690 3733 3297 9286 9639 5840 475 9369 1768 8979 489 5338 9075 9835 8932 9918 8876 3794 3972 559 9277 3883 6150 9474
54 6846 7123 6971 5419 2397 4005 5952 5026 1272 281 4079 813 3216 2673 3257 6482 3031 8205 2365 7290 2125 7467 3486 5709 7767 5247 426 784 6461 4242 6675 3365 2633 219 9176 1304 3381 7629 3780 8423 4690 1117 3025 405 1505 5644 1506 2492 2298 5780 9311 7584 9570 7127 3811 560 3066 6086 5119 640 6126 5996 5632 1486 6930 3339 301 7654 6815 226 4602 2457 2358 5171 2205 4091 7629 9655 4379 8660 7093 7105 126 5383 4012 9607 9512 9334 5728 6171 1436 2627 1464 638 3309 2991
55 5387 9080 2022 456 979 5125 6081 1065 4210 4388 900 7297 1658 5730 2965 2376 3128 3794 9219 3966 1855 3423 1038 3967 2329 9670 7335 1396 691 310 1259 1147 1591 8026 225 8316 5616 5835 4200 8237 1316 2545 7299 3130 8172 3417 7376 1452 1569 683 7902 4844 6271 5299 4640 7080 7901 771 7590 8688 5776 9762 1420 5820 6836 1280 2442 4721 4910 4454 3693 847 4257 1177 9095 9990 5543 2874 2958 5545 5906 5907 1465 3829 5088 6944 3463 1563 4871 1097 7435 5890 5838 722 5614 6903 5538 3735 5445 273 3815 5385 9028
56 2658 5385 9017 5662 9164 6460 5705 1377 8653 9028 7155 5419 6734 6130 1785 6496 805 9131 5231 6624 8629 802 2993 8126 8480 7061 6389 4149 4989 9641 3126 2991 5481 3468 2813 3478 1363 6978 5230 6852 4981 5916 2246 3292 8537 4189 3833 8462 5352 8425 6510 3045 8867 3840 8101 7930 3356 4675 5207 5883 7277 5544 6128 3386 4967 2961 8201 4756 9299 7262 8437 7459 6832 8027 1900 2214 6081 877 6092 4922 4348 7776 13 4927 7371 1898 8752 8324 7256 4870 2603 5925 3452 1798 3186
57 1324 4865 2047 6945 757 3970 2470 56 3527 1058 214 1029 4315 8817 6236 8249 4039 6969 1625 8352 3310 7744 4105 8100 8352 4511 2827 1038 2681 4238 9126 7466 5751 8707 3480 6732 258 3949 390 5693 2018 8793 2722 1887 8850 2006 3403 9085 53 1855 1050 629 7916 4136 274 4889 7910 9512 7405 8031 8832 5346 1863 8399 9665 8845 662 7171 92 104 9000 7016 3177 2996 2974 3455 2282 8346 6949 5529 2678 9830 8834 3278 3599 337 8636 1271 9628 5454 7836 4764 9526 4959 5819 9623 9141 1004 301 4614 9505 5327 2681
58 1365 769 9505 5327 7904 4860 4686 2135 8856 5037 9978 4232 3885 1133 3850 7329 617 1022 6046 8727 5859 1657 2615 6280 9887 6497 7142 613 2225 2084 2681 4189 547 428 6376 951 2022 9427 5564 8015 1802 284 8528 5235 2823 9041 8772 8006 1315 7518 5286 3878 792 4836 404 5677 6360 5638 6097 6008 150 7468 7239 8506 8627 1716 2096 1361 385 2921 3657 7197 3883 2740 9943 5247 4967 4692 5299 480 2896 7619 8501 7990 2893 4988 9011 1000
59 9039 4412 4242 3327 59 5607 8955 7706 3190 597 7484 9757 1000 8075 6692 3140 3422 7116 7915 5708 6161 3670 7537 6185 288 112 755 4784 4221 3267 290 3629 5534 3969 7897 1871 5597 2528 6426 5922 6525 6282 2176 7051 8474 471 6804 8085 690 8560 7248 3879 2129 8707 4760 4393 7168 2577 9990 503 8991 2348 2266 2294 8179 6162 7954 9317 2857 7253 2875 2939 4000 4811 6954 7959 2140 9425 1672 9792 6118 3015 3609 2779 6699 3530 4948 145 7101 6999 9559 5024 3360 4879 7615 5089 9774 455 9552 1609 2472 6182 2682 5200 967 7641
60 7829 5752 831 1215 2530 2590 8600 2052 6474 9499 9818 8234 2134 3306 2565 8874 2603 4675 2199 5680 7726 2014 1307 8408 5497 61 7968 3054 3465 5478 621 6474 2026 2225 4180 373 2922 5429 7635 1448 1463 1880 186 1140 8082 2845 2208 5182 837 5460 7793 4628 7497 9473 6437 6717 5242 9024 2267 8859 9988 874 1422 7706 4973 7317 667 1971 3077 4160 7309 2272 2090 8492 1863 9829 7478 7959 7362 7902 1525 6994 6584 7172 5370 7370 3007 5238 4542 3123 6778 683 791 6576
61 8301 6976 1503 7473 6508 1829 6427 1374 8268 4907 257 1146 6225 1968 9145 7875 7288 6576 6194 2909 4651 2520 4547 1084 5188 7075 2187 4866 718 218 9556 9150 4886 3999 134 8128 6191 686 1613 1422 4760 8689 4230 3534 9959 3371 7841 3920 3469 2342 3094 3767 7116 1640 3252 1791 5526 5797 6427 1340 8812 763 7782 6840 2265 5100 3210 8079 5466 4180 9367 4521 4085 6266 1739 9454 6010 4961 1669 4319 7057 2878 9824 3593 4848 6746 6898 8738 1863 6778 3044 1426 773 7330 37 887 5102 8673
62 9886 5102 7800 1817 9704 4885 2467 1253 6075 9993 509 7403 6668 5762 3451 5281 7173 787 9243 360 6013 4565 4295 8673 9601 2912 6327 31 7518 6656 8809 6301 9668 5407 5319 6747 550 1519 211 4144 5529 8879 2404 1503 9479 1704 400 3569 4600 2837 6197 586 364 7651 5403 5800 2813 8787 1061 3363 2723 3643 7931 2869 8928 6252 1635 2506 437 8501 5094 2258 1844 9861 3676 5407 1733 4417 7016 6965 3063 1123 3089 4954 7746 7774 6967 4598 1713 9785 9253 9417 4631
63 7633 1418 7785 6092 1138 1849 135 8527 4630 6463 3930 5657 4631 6507 6137 9459 4810 6004 6638 5877 5869 2380 1709 9722 476 1980 6154 9149 4191 7177 3893 1516 600 3083 5434 7268 7350 1224 4855 1665 1200 4782 9524 5639 7990 4124 5958 8296 3267 2851 141 6696 8174 9633 7750 468 9600 1811 1384 4139 4783 2525 7709 9062 5285 8751 4632 4144 9079 3442 973 2808 7168 970 2172 1020 2039 2543 9846 465 1618 6328 4362 8017 6345 9428 1247 786 3578 1728 4739 6669 8711 2299 5272
64 5222 4105 3033 3680 6932 1480 7372 4852 6424 3280 6240 56 5379 9097 2784 5943 6871 9189 7121 735 2608 3688 1932 4389 970 8617 8596 9036 2221 2684 840 2455 1065 9187 397 2135 1391 4633 8671 8348 1815 176 4853 2439 8436 8548 9867 4272 3445 9380 6231 7824 8485 6063 4952 5400 5613 941 4459 7852 869 101 9354 5535 300 2249 5061 5179 6391 6906 5467 5139 857 8747 17 8178 3863 4509
65 7444 8878 2109 8497 3533 2178 9899 5434 9558 7848 736 819 5519 6209 646 1521 9976 102 4962 100 1959 3151 3544 9461 819 7103 4468 3668 9288 7211 1611 7254 2337 4648 3952 1001 1399 211 4875 1508 2623 1249 8730 8188 8777 6690 916 7261 1718 741 8563 2731 6955 3911 5754 3586 8861 9073 2036 7951 5535 9527 6016 3168 1112 5320 1663 7151 4623 5067 7664 3042 1262 4837 9664 3013 1475 2965 1830 6973 3382 3045 1709 5843 1462 4485 5362 9733 1565 5750 4897 2186 9427 7575 4977 7642 3172 7840 5582 1332 7085 1189 6399 7749
66 8661 912 262 4556 7880 7219 1387 7705 9033 7715 9226 4870 6557 7749 8022 7925 7094 7198 1231 6293 2360 7630 3875 4275 637 5831 3589 5728 2757 6053 8333 359 987 5785 8776 7138 6532 6946 8477 5070 4761 2017 9826 861 4732 9734 7832 1572 8819 1729 9108 9067 4650 3557 6595 9548 998 1996 2720 5192 4690 6210 6069 2637 6261 2296 899 5683 6315 9009 8339 4184 8324 4860 6589 6786 6353 3222 6289 3421 522 4087 9769 6015 5876 2963 72 3690 6619 1093 1007 4921 5279 6857 5584 9978
67 9707 7036 2610 3458 1098 9978 4183 8255 7797 848 5661 1541 8733 3713 307 2963 4930 9874 9330 3687 4553 8806 6785 2665 7941 5195 3232 1460 1524 1702 7992 6309 799 3890 4242 7671 7953 8457 5836 4790 5262 6087 3793 7143 5701 6398 7957 6807 336 310 1876 6375 8482 8076 5388 9420 4397 6197 3619 8059 2460 1085 8504 9715 190 110 372 8859 3082 8061 6417 3598 3515 8671 5495 2918 6492 6313 1237 6369 8079 9565 4503 4536 7946 1943 3223 2529 4290 6408 3631 21 7667 4505 5815 4607
68 1380 3883 4607 2176 6229 7787 4335 2406 5562 8693 7557 7852 4433 6313 1221 5354 5388 9697 9045 9550 4928 4085 3368 8146 3942 6612 523 6376 9130 9570 3856 5650 666 8510 4702 6710 2524 6775 2944 307 8351 7525 4420 9526 684 568 9230 4949 503 9222 5110 4791 8292 7863 335 558 1517 6347 7740 3474 8394 8560 4610 6523 4373 2431 4599 5867 6622 9575 6849 9568 7622 5981 6368 6235 750 7994 8037 4751 478 4075 5019 8245 6692 4976 1739 7067 1666 180 575 6051 3268 9760 9469 3795 3010 9742 1525 6149 5104 9371 3148 5375 9521 5402 1015
69 8176 3859 8827 2686 3947 91 400 9675 2412 1106 869 7458 9930 4043 5973 2534 2871 5792 2824 2633 9534 7704 5574 2693 1641 3688 6832 1828 6531 7737 3041 6008 4193 8092 151 5084 7838 4280 9193 5542 4829 3335 4414 6896 9102 7459 8344 9562 9762 8073 9875 4794 1668 5902 5522 1741 6045 5938 3955 1772 8965 2272 9354 1489 8530 4359 5888 8600 1749 2287 1188 6994 3326 4359 5688 4562 6393 9467 5354 9125 9236 2414 9919 8878 6173 8215 8673 4074 6109 5350 9041 1068 461 4453 557 6444 3996 5524 6927 6235 2437 9464
70 4618 8971 9464 1782 9976 1310 6872 4431 5059 7506 7692 3549 2206 9884 9227 3965 6751 6878 8625 628 8004 5497 7009 6035 4672 9762 4433 9656 1382 8041 1076 6587 3950 6848 5803 8250 5411 1115 1136 6070 5157 4555 1437 8109 6012 3144 1624 768 4800 9177 9931 8426 4928 5912 1236 2025 6749 1291 438 2419 5150 6079 8110 1934 1369 7817 2106 6324 3623 354 1715 1135 3646 3155 159 2576 2957 5546 4991 4632 7864 201 8745 8161 179 2670 1404 5459 4831 7853 9245
71 4022 287 3262 1273 1848 8936 7853 9245 6053 5922 92 4254 7181 5767 6 6376 8033 2477 8288 4827 3881 5948 8452 3032 8501 8714 1002 166 3790 911 4369 4157 4122 3473 1442 4713 868 9440 1526 3010 5800 1975 3907 7557 6138 485 192 829 1427 1653 1112 5465 8723 7761 6328 6414 9912 5559 8927 2837 3490 4742 255 8736 7209 3306 379 9845 3323 5520 2661 8048 7579 5434 6809 8405 501 9646 2336 2631 8556 7902 4156 3674 4700 2097 9553 5137 5988 746 2193 5841 2463 264 5981 5824 3778 3606 7324 6151 4895 5624
72 8684 5624 3185 3925 7384 7549 8917 4465 8154 5682 6407 1927 9951 4104 4707 7338 5157 258 9358 252 8778 7490 9450 5440 2197 9362 8306 7293 9122 5548 3374 463 8691 683 9186 6885 2229 2968 6037 2174 8061 5920 2660 3249 6287 6042 1980 2779 8524 2957 8976 6408 2603 5037 2265 4604 659 1788 5939 4501 992 7717 2518 1681 6732 4072 5924 5475 1997 8451 8849 6305 7699 6667 5895 3205 7634 5848 740 3620 6266 8600 9776 8601 3611 6715 7560 1794 6994 198 2254 4031 8164 1674 3964 9291 6204 7547 2986 6024 6966 7546 2759 2525 9703 3684 4244 9664
73 7445 36 9664 3076 5208 8340 877 7643 6337 5803 3358 5281 6859 7485 8263 4172 6288 2071 358 248 5931 1516 1276 3213 9779 1021 2403 7096 2399 9401 2510 981 9209 6655 2526 7983 7993 9718 7436 7470 7966 4776 232 1699 4767 2745 8840 3110 8378 4858 2712 5800 1706 3675 998 5405 7381 9598 4785 6815 1799 6741 2525 6091 5132 2132 6070 6358 2285 5965 770 9359 4146 4249 3005 4039 3925 6600 5627 4343 516 5790 4005 4719 9451 9431 9437 262 2724 9948 167 9776 5992 6314 2419 508 1364 4615 8943 8157 2766 7768 1188 8240 4525 4002
74 3769 1005 9639 308 7974 4525 9137 4002 6370 1030 648 3173 6347 8834 7393 3754 1730 8828 6694 4113 1006 8049 4964 8384 4208 8807 3561 2297 7225 2038 4465 3106 6858 4852 4562 1765 3261 4712 4153 94 9509 2750 4067 1256 8227 3514 1692 8333 3024 7142 9413 9691 9064 6723 30 5230 1674 6977 3598 9662 7261 8721 8210 3210 4480 8659 4952 5038 8667 5039 6447 1134 5327 1088 7872 6766 8703 9269 834 4007 9988 266 4126 7285 9628 3017 3499 6184 4648 5474 3685 5006 9947 6435 3289 7338 3932 7543 8212 9252
75 5847 7515 5193 9252 8284 1585 4321 2629 1304 7147 3532 7729 2679 476 7360 8628 2952 4985 447 5642 6170 3259 6309 2541 1116 8995 8077 7674 4716 1316 4913 3858 5627 4942 1753 6320 4379 5608 1119 5937 715 4438 6041 5877 7560 6822 7436 8613 9003 9057 7174 2996 3499 492 9745
76 1265 9794 8229 3536 57 9913 9289 4375 7974 986 2849 2110 1785 1622 9087 3789 4572 1668 1600 14 8714 7480 26 6343 3000 4670 4502 5019 3755 2443 2756 2917 6504 9151 5115 7269 3949 8139 406 2842 5436 1316 3058 6934 6124 7463 1738 2431 1581 4252 9349 7784 4683 9888 2382 9306 512 3321 5666 9908 4980 9184 6105 8371 2554 5570 4617 9713 581 383 9118 5825 5359 6954 1322 2881 2288 203 3677 4118 4785 7373 9314 7438 5404 1794 1652 6424 9222 8953 6856 772 1312 6019 7967 712 7462 8737 7492 8462 4391 3366 8438 935 9929 6109
77 3471 2467 5657 9138 9806 7840 1664 798 6903 6233 7596 5580 3894 7935 5780 6253 9456 3083 6109 1074 9428 9662 7207 8997 9079 617 89 7540 2435 4792 6134 4653 6046 8853 8058 4398 4177 5630 6986 1683 7326 2269 3276 7365 7482 1575 2110 5835 8788 9647 2925 7805 1310 1072 3890 7427 8863 1497 3174 3758 4444 5939 904 3964 6117 320 7009 6690 1963 4648 2294 9577 5644 1996 7400 8577 5168 4538 3989 4078 6388 9428 5860 8421 3362 4324 6403 5006 8999 7599 7563 2284 1614 7888 7402 2590 1770
78 464 2590 7374 9779 7533 5575 5173 5770 8631 6400 241 1109 980 3730 3256 5550 6977 9573 3049 5934 1550 952 5507 9737 3441 1349 4173 4021 9797 8433 8353 9188 8695 1297 6191 713 6247 1010 7659 3737 3512 1088 6388 4959 2650 5071 9401 7117 2170 2273 4362 350 1857 4573 7377 4705 8449 9809 9897 6442 2630 3422 8296 108 9160 2621 6383 9360 4693 5155 8230 6966 9759 3162 9158 8646 7705 971 2180 6104 177 4212 3160 5597 3122 9174 1160 6882 9859 5870 906 3173 8390 3301 5966
79 87 5495 9643 7480 9155 4079 374 832 2985 5056 2495 7705 9632 9719 2992 2649 7363 2984 6277 5096 4580 7021 7673 9362 4851 1320 5965 9814 475 7734 9878 3169 3630 2495 4537 9300 390 657 8939 7816 6171 4745 9388 2281 1740 499 6385 3703 4151 5116 667 2453 9297 3480 8767 4598 5281 9631 8317 4842 4408 4185 5441 324 7885 7845 1054 3476 8223 278 4324 7437 7103 6119 1998 9177 3559 8482 1802 2161 4632 5309 3147 9753 7286 9619 1099 6508 6279 5846 338 8670 8242 972 8274 9252 2824 4814 7503 6778
80 9597 4960 6175 6778 8874 467 6963 2435 7616 8765 7343 8723 4331 2302 9679 5892 2932 6128 38 9308 2770 3969 3707 5679 4987 4805 4532 1106 9834 1025 3096 8309 9581 1015 6677 8357 8667 5170 9851 2289 4526 1366 9119 7106 2072 402 8855 6070 5800 1615 5609 6794 440 9616 7822 282 6201 5638 3557 8195 6175 2084 5956 7324 925 4120 2276 9809 4518 1062 4545 4376 8590 3513 4013 3941 4430 22 4921 9144 8638 7130 8393 3403 6187 7230 1645 5687 9696 2442 1272 8849 7589 9381 6965 85 7207 2289
81 661 7589 2289 4755 2278 4854 1572 9421 8138 6476 2580 6145 5943 2965 7632 8347 2253 2619 6733 1773 9426 627 1909 2247 4699 8823 7657 3802 169 954 4722 1661 3305 4397 5047 5482 5952 3108 1841 1153 2709 1758 1049 558 6410 9359 2453 838 7390 3412 146 9575 3121 4730 1228 4717 3261 836 6562 2080 4905 4673 2312 7958 8612 327 9306 1875 1215 1306 4512 1500 526 3039 2791 3474 1778 4763 4176 3392 5049 8693 3578 4476 5949 8465 6044 1275 8689 1564 6850 1732 6404 8122 5373 7972 2684 794 9503 9288 3003 2041 752 8162 7228
82 9537 4280 4811 5133 8307 8539 5155 1411 4461 7605 9582 1958 3561 7313 7647 4040 8886 9607 9052 2305 9810 3759 671 3843 5881 5869 5557 5763 7802 4289 8440 4322 3613 9884 7456 1908 2700 6740 6780 1850 5230 6406 8193 5994 5039 4462 6 4754 5674 6887 9045 4521 1810 9247 4962 2923 1072 7489 2305 8090 2207 1115 7167 6998 7426 1259 9651 6796 9799 5000 2484 1678 7328 5808 2669 6221 6442 5283 9358 9652 8794 8761 6434 9604 9147 3188 1632 9459 6788 9604 4684 3123 3655 9811 3763 9075 3872 7347 3011 1403 9521 5166 4817 6330
83 5536 9521 453 5166 4817 6330 3866 8986 8506 3166 9766 350 295 8418 6231 5417 4928 6011 1649 4487 4710 9896 4457 2150 4238 5426 9304 9757 1859 2619 4812 3429 343 1772 868 3724 3536 637 422 4923 8772 4935 379 3784 8577 507 4849 4169 7610 5781 4808 9314 1118 1956 1609 3376 8707 4338 6825 2839 6968 4240 5503 6070 7119 1257 630 4981 2134 1770 1357 9252 4749 8151 1216 1968 2556 6922 2051 1660 1836 6823 3448 2 5687 1357 3608 8311 8959 9557 4189 3175 6705 7599 3764 9457 5932 5928 325 9099 1331
84 9199 5925 6097 845 4700 6146 9622 1508 2047 8181 4695 6932 7395 838 3696 2081 9082 1398 3113 4618 1257 8155 8249 8735 9126 4363 6846 9442 4576 2647 530 3760 3578 1628 1246 4334 1636 877 9259 7065 3202 6973 2052 2196 7128 1635 7378 4855 4887 1284 5662 6084 4159 6033 5465 1482 2066 7040 9177 9118 398 7330 9334 1171 1846 15 9549 5654 3882 4291 7100 1185 8388 7992 9795 3176 3452 1337 6203 7390 7273 1968 984 2860 8464 9511 5424 8992 7688 1107 4850 2172 117 8487 8466 1993 3784 2851 8499
85 4766 6510 1095 410 7031 4786 125 6144 9216 6250 2665 4425 1816 5027 5653 9086 7524 852 58 9851 9062 7890 2849 5420 3475 3827 2832 7048 8511 9195 7495 2494 9252 9998 2175 8474 425 3601 7655 6303 8705 981 2567 5900 4454 9417 4410 6757 7888 2989 8035 1256 5266 2444 8469 5550 7082 9507 3293 6537 2957 1931 8050 1691 819 81 5277 9175 7106 818 7322 9790 9745 534 4797 8590 8306 2891 9615 4644 4253 9580 5624 8176 7501 4513 4014 4361 868 314 8411 1850
86 647 8531 1118 5397 4361 6946 7928 2894 5268 8913 1406 6458 4420 7214 7712 3747 163 135 6328 9112 9838 6325 2693 7474 9815 5413 3026 7377 2563 6328 2764 7859 1100 8654 1151 1635 7101 1224 4128 6525 9717 8310 8758 2532 2298 5124 3871 4450 9546 4801 102 5622 9381 8302 6724 59 2467 2661 4270 1775 8763 2078 3595 4390 8529 6302 8040 2106 9052 7600 454 7983 8736 8724 931 6412 7758 9497 5383 3574 8721 6889 829 9340 3007 3596 5734 1542 62 6021 5715 1877 8286 1075 3038 5212 4350
87 1423 5212 4350 8009 5836 4272 6492 6844 1549 4994 2122 2906 1568 9419 4361 2004 1216 6200 4234 1632 40 4033 6054 5599 3113 3576 8039 7953 6893 8359 9419 2898 8585 4325 6901 7032 6049 8502 9194 1169 193 1239 6493 6661 4412 9716 1683 4777 6515 2744 2741 8878 3094 7846 2285 4569 9357 3731 433 5739 6900 7662 6974 9464 3080 9853 7827 8520 6404 5061 9562 8982 3655 5623 1419 5639 751 6931 2350 6180 2225 4689 9367 7504 6642 2758 3998 3758 8343 3700 1573 2001 3218 6100 8435 9861 8134 429 2004 9459 123 8263 8636
88 7182 7862 1176 7135 8063 7134 3020 4162 3996 7562 7037 9271 4046 4662 818 8709 10 2570 7974 7961 5327 8271 6801 1388 4853 1181 3158 2845 4891 3108 3893 306 5725 6612 9916 4516 9131 2449 4055 3950 7508 9468 696 6666 3036 9535 9878 9033 1187 6252 3697 8301 3163 3980 1721 3357 9477 7985 1307 705 8947 6998 9637 8078 4357 9753 7078 5997 2540 9777 2828 348 2618 8900 4974 3883 6096 4958 5285 5501 5453 6259 4604 6636 6377 1766 5662 3883 3588 8669 5160 3925 2646 3965 5937 2292 4593 3720 4223 6271 4966 8434 5412
89 2982 4966 4831 8434 1248 5412 1874 3743 8399 6322 3966 334 30 7717 1557 2369 8787 8879 344 5295 2817 4780 9759 9362 4808 8183 8436 1404 720 2522 9489 6433 9415 1456 9627 1547 2178 1232 1851 6582 353 6076 737 9079 9504 1321 6728 5387 3949 5067 1556 8361 8780 8963 4809 6521 4237 8562 9730 4401 1130 1474 9321 4344 9115 501 8742 5459 3388 8352 3176 7929 9088 3555 4196 8403 2651 3586 7774 9215 9945 111 4276 3944 5327 36 8253 3917 979 1630
90 2144 84 2856 18 3791 3979 5726 5449 3108 3125 4106 8410 1021 9615 9531 6734 5824 4424 8149 8217 4205 5128 8939 340 3944 4838 5093 8266 7470 5317 5246 956 5329 255 7439 931 9862 7290 7094 8420 8897 110 9372 5918 912 1275 1630 7378 5618 5368 5887 4691 4265 3256 344 8304 3766 8792 5314 4375 7897 391 3693 619 1445 7924 9187 7715 527 1371 5901 4776 6135 5775 3136 5840 8403 3037 967 2277 1921 6429 4045 870 3703 2901 5097 5644 1642 3954 1285 3987 4713 9210 8782 6268 2406 3261 1570 8585 1920 8069 775 7446 9396 8331 3487 1762 1007
91 9525 8331 3487 9347 184 6003 1762 6291 330 5478 1007 7585 7936 155 5619 2755 2969 1409 8379 6047 958 4820 3672 6674 5025 5737 8095 6158 2156 8739 3289 5217 3517 1416 3951 6177 2373 5243 3249 4057 6761 1205 1913 2405 266 1497 7680 2172 9515 6425 6728 2184 1078 9504 2722 2577 703 9549 654 4994 684 5830 5809 3811 8169 4888 9505 6969 5928 5159 4264 4966 2087 3518 9483 7594 9698 7246 5947 919 2571 435 8279 2574 5252 5834 8432 9644 9978 5711 7790 5456 4636 8476 8607 5480 5495 3760 6875 8093 5508 8541 5702 261 1791 735 6781 6773 1333 2945
92 8291 291 3148 5398 189 9515 6289 8107 5145 3232 6258 3524 7646 7946 4194 8296 2340 3535 8365 8121 5736 8777 9873 2408 9071 1321 7639 413 4569 3994 1683 4093 1743 7471 3500 7583 3987 5083 4174 3155 7036 6224 4306 5151 9625 8939 3579 3859 9796 3022 1846 9895 1414 7260 5166 9548 6095 8110 3950 5824 2092 9429 8149 4485 8676 5848 4658 2082 4803 3153 7959 6667 8045 7211 5557 6487 4856 3136 9481 757 9257 5592 5734 3231 6715 4977 133 5600 5623 9950 5528 5770 757 4911 2240 2432 1466 8807 6563 1546 4746 9443 4781
93 1957 8477 5852 6712 6198 1751 5242 1552 6759 9557 9797 659 7561 9745 4280 8833 7532 4193 1861 3798 5872 7664 1481 8320 6237 9154 7920 8425 611 4379 9881 255 7545 7582 1656 1223 1803 1579 9896 139 7972 1429 6020 4333 5016 3881 3399 2178 2018 166 7833 5221 1540 9131 5468 2190 187 2397 8127 6652 8094 7456 5586 4781 7745 3297 1743 5811 5142 1596 6546 1988 4078 3465 9510 5441 5195 8747 443 307 4823 1524 9462 4969 4031 9356 6894 2212 8203 7155 51 8641 9141 8784
94 205 9623 6725 41 8784 2729 1281 4023 2127 7502 5744 4524 5314 9690 4837 9188 8544 2205 4092 7339 2408 7332 4220 7735 9608 1261 3228 5571 1417 6686 6669 3169 8824 9400 8386 6788 9151 2898 5287 843 3584 6209 8485 2389 9609 8997 4127 1699 1043 9144 2959 4468 3815 1045 8181 2101 248 5298 5356 9402 1549 697 1859 6320 1076 7567 9777 3477 5412 5581 7679 3073 4862 7863 9497 1673 9727 5771 9545 4603 6814 6472 4416 8672 598 6429 2479 7363 9588 3202 382 9041 284 4858 5815 6524
95 5153 2607 4846 5962 9936 1047 5360 8243 8937 7238 8273 4198 6069 4190 806 5513 7265 4498 8712 5409 5212 2263 8344 3548 6714 7346 4744 2109 153 1132 7445 8936 318 2717 6312 2603 8346 7376 1457 5209 2599 6469 5901 2541 394 5484 4646 6003 2161 6890 2140 9493 3700 8515 7791 995 5206
96 9780 9309 1080 9449 5687 9657 7792 2234 3099 460 8320 7720 2682 1415 559 2033 469 7142 9163 4352 2499 533 9299 5756 4730 8269 5327 7142 1915 4834 9101 8882 4674 7028 8653 4926 1030 9727 4411 6031 1341 3640 3171 1767 7285 5988 7903 6101 3731 4180 1033 7622 6187 6457 4704 9053 3897 2983 7332 7732 4450 2479 3194 6412 3662 4792 5323 6169 6159 721 7138 5943 6063 3451 4849 8738 2755 748 6614 8827 2396 2496 3958 6821 7695 6167 1921 563 1858 3517 5930 2250 6053 8736 119 8508 4155 5046 9297
97 2622 6878 517 7037 2166 9967 9151 8076 1003 999 1132 3799 6383 5343 8710 3885 6954 8639 4385 5260 1975 2579 6280 9297 9413 9238 5536 6865 8968 4478 3480 1418 3289 8466 869 6709 2150 3543 1215 1823 9938 5251 3494 5 7689 3414 2040 1112 6772 5222 3407 7902 5142 3764 2447 463 6740 2582 58 5270 6298 2241 8070 7967 1234 3395 875 8780 530 4625 223 2686 3650 3189 4514 215 9959 4446 9428 8820 9991 1683 5896 419 4764 2270 1556 9386 6843 6391 3702 573 7910 4383 4125 6197 8121 6450 2509 3696 7807
98 3236 2637 9519 9452 3532 4523 6860 3813 9098 4919 4806 4863 3232 5995 3685 7332 9292 788 6704 2614 7562 2287 5195 7808 8324 3193 3307 8952 783 841 6386 6118 2023 5830 9565 1079 2892 9699 2712 9395 3124 5149 9080 4013 5468 7222 1358 603 6835 2620 5960 4028 5970 5869 837 7078 6792 1849 9453 188 8675 1401 2330 6811 8916 5781 2353 6604 782 9025 7899 1009 3821 9451 6285 5081 7875 6041 4150 7744 8051 5063 6361 3788 5914 8022 7807 9731 3638 2381 1534 1953 6802 9432 9670 4512 4286 3421
99 8536 8371 6880 7683 496 718 8901 8570 2711 8591 7142 4521 4104 2548 4562 7270 7829 5902 318 6565 5196 6645 7765 9881 255 8704 8338 5577 8989 1178 7546 4074 6833 6893 6450 6461 2997 319 3760 767 1602 8744 7610 460 7996 5480 4220 9315 5665 2289 8383 613 6561 167 9799 5501 8648 3482 3339 1960 9070 215 5100 9044 6351 3240 3245 1043 5600 3454 930 3610 9553 1893 7984 5597 239 1208 7649 1035 788 715 9778 2965 7389 2166 8307 1895 2320 5233 5211 4517 7714 2788 5140 7181 8700 2796 5486 4505 5097 8069 8427 1358 6233 3413 7489 581 8479 5058 7206 5351
