100
0 2594 0 177 2482 110 12 1009 3160 82 26 242 1725 0 91 451 1 6 1 0 293 3 5246 152 0 2 3 8
1 2473 9 46 3 11 248 1 15 11 51 60 111 8 20 313 6094 0 3828 84 332 2859 246 2094 327 8 180 324 2 194 0 103 21 138 1384 138
2 23 0 16 137 9547 2 1 41 111 3 1 65 0 2878 34 6 2 110 2 54 0 1311 9 3 1 11 21 0 65 252 74 1495 27 3774 867
3 1407 2 0 21 1071 4 78 2 0 8466 19 0 6745 2378 1 11 3603 0 6 0 18 76 22 658 40 0 3 0 183 62 1888 28 69 9710 9 1888 554 155
4 2132 39 21 1863 14 38 28 1 15 779 0 1 1843 68 157 1623 1 0 14 0 375 1956 0 19 1 4 2195 18 38 7 229 3689 27 3975
5 116 8 0 2498 8 0 15 9 14 75 0 1209 0 7 0 933 37 14 1 0 2 168 2 0 7497 3881 117 5197 97 303 41 4 9 21 155 3110 138
6 1146 115 87 382 4 7238 3 1 0 7032 0 517 5 1 0 3659 13 368 10 19 3128 0 3 100 254 63 2709 62 7 121 484 138 869
7 462 205 47 173 4 89 157 22 0 822 6731 1 5 168 584 230 0 458 0 7 933 2 6 66 41 133 0 2045 28 1310 9517 1290 7624
8 6531 1971 0 218 452 3883 6558 0 16 637 0 5627 1 0 12 8 13 1216 590 6 0 44 3 1765 24 1 8 397 8 776 9 8
9 255 1 7 285 63 526 5 1 11 25 3935 5 1 117 29 48 401 1104 3 131 109 1 35 31 168 757 131 1223 184 20 1 3320 6 2849 138 709
10 1363 4 33 2 26 1390 836 12 2950 6 2628 2 559 9086 5638 2 1041 4372 628 2 13 338 419 505 0 224 6 169 101 476 2848 27
11 114 19 0 6 22 0 12 3038 4 1 6 100 0 1434 62 17 18 0 171 5 13 1 2 6 161 0 2135 724 0 2052 15 1876
12 61 845 0 288 2 29 1 1378 6571 519 78 2177 1250 383 7399 57 2961 90 10 3955 188 0 20 4 225 826 521 1476 26 14 6907 7 138 869
13 2568 429 122 5120 34 375 0 567 5 1828 3 5 275 1 10 1271 70 3989 3 4162 325 0 6480 5604 2 4 1452 138
14 89 4104 5850 1 1378 264 550 3 1 24 1866 1 24 2986 101 0 4685 148 99 70 2 134 8076 1 4474 3768 4 6604 9 909 224 138 2153
15 22 52 54 7 0 138 103 405 3476 3679 0 284 2114 87 4 1 4 20 4 186 45 0 1 0 6 0 2521 602 3 107 9 968
16 2385 0 22 0 258 264 612 0 142 12 0 3 8365 21 1 4 2 19 234 435 625 0 517 3502 0 13 4 64 22 0 621 184 148 914
17 1436 9798 2844 222 0 12 0 6249 4 587 5027 289 8 13 258 0 1 1816 2333 0 1 189 5893 1 12 2 4807 4335 19 1667 138 1077
18 1687 286 0 2 3626 95 4 0 157 10 4 17 4781 10 178 56 0 1 33 0 1052 465 8703 2 939 0 7 35 4102
19 6697 4 91 20 0 3699 5 6 602 0 8488 1011 7 7387 5 12 539 16 0 20 3 5294 3790 0 22 0 4 188 940 2233 120
20 148 1 1290 15 1 2979 107 2 3 1 8 0 406 9798 712 676 0 6 35 4 17 49 2 105 206 1005 1 9562 1481 4 20 158 8 5526 2591
21 3694 5359 19 0 326 820 8992 0 99 7637 6 1329 2114 1871 0 111 0 12 56 14 3529 2624 0 887 3 528 23 184 69 867 138
22 5235 1 9 163 0 3 5847 7798 2741 502 92 0 2 0 7553 8 6589 0 506 1386 2 40 2247 8438 4 1611 69 2 8 0 1971 8 2700 3774
23 3324 0 129 2 35 0 5834 1677 1152 3 107 46 1967 24 0 3 2 3 0 885 1105 422 25 18 1686 77 152 17 7 126 3700
24 128 2552 15 2 13 0 3938 1101 135 1 41 156 1 121 1 366 5 38 923 0 284 86 16 99 1981 0 457 971 70 16 0 8 252 14 69 583 7548
25 4060 1532 4722 2587 0 17 3 90 57 0 4 24 9 48 51 138 0 8 0 270 227 3079 2199 5 0 4 6 71 7 0 27 65 1495 583
26 1886 36 4 60 4984 3 0 1 1638 18 0 3604 4 0 7 0 4662 1 208 1052 1698 32 998 26 0 396 1080 784 7 5526 8454
27 317 1 5 1442 0 107 6 14 0 2172 1128 475 6874 3 0 2 693 0 2 3 1756 5 952 51 0 3 30 31 9 2741 3774 867
28 1694 1 0 478 815 19 0 37 81 38 0 1 0 44 0 349 7431 97 408 19 1017 1 103 8871 31 9 0 1 7854 19 63 69 1643 8 9517
29 6438 5 6 0 197 0 360 437 17 1 182 5 9 158 17 723 6 5 1461 3 36 1 0 268 10 780 127 131 309 442 968 138
30 241 0 2 19 217 2 20 2 207 2 17 4 67 0 1286 3 7756 1 402 0 36 911 302 72 0 10 27 355 679 138 583
31 499 11 7 0 24 1 2517 0 76 28 1 168 59 273 4 2 16 18 11 2942 2 222 19 9 20 447 0 217 635 6 8466 1888
32 281 0 6 0 1 180 6 1368 34 505 3 0 186 104 11 2 4227 7 4 1 49 709 3 18 2 5 4040 3053 6045
33 2250 36 106 0 178 1 3 1 34 1 886 3 13 262 84 107 46 13 98 1049 170 9 6636 0 9 7 75 18 9 686 968 3774 9365 7585
34 3140 10 322 19 1372 412 0 6755 395 62 2 6 15 18 51 0 514 866 16 0 817 594 0 54 106 0 1233 363 0 69 176 1737 3097
35 8973 272 3 419 2 297 23 1959 88 19 0 28 118 123 0 646 0 42 29 6137 0 14 108 64 9957 29 1 35 51 1 7718 138 8450
36 379 336 3 158 0 8 1168 0 3317 41 1 1919 0 6 2 989 5001 805 3535 3 1 12 84 3 7748 1 8 120 5 1638 5526 8454 2591
37 2908 0 394 1866 2 5971 0 235 335 11 1695 1 110 4 2 494 9722 909 374 4716 129 0 4577 0 1 6223 1 58
38 1759 2 16 9711 2 6 1606 7 12 3 1937 4 337 0 32 0 59 37 2 5472 94 641 502 94 839 0 271 61 1671 8 355 63 155 3097
39 8886 1806 79 2832 8 1 6510 9175 0 70 6 44 2 8 335 41 0 624 7 0 9 1 0 19 4 140 1 12 1739 90 1 9 583
40 439 0 48 452 262 5 11 3016 0 284 9 1 0 202 7574 1846 109 28 4790 0 582 12 37 1740 8 0 526 2 1184 1958 155 797 3849
41 5154 210 39 1039 214 11 1 137 250 1 0 280 23 3 7606 516 27 0 935 655 88 218 20 0 44 82 2 561 86 36 18 1 7 7347 2153
42 1108 432 36 19 46 5412 7 15 0 9338 422 1 2 3 19 478 44 0 19 6 1460 0 21 1552 205 4 3617 588 383 315 63 9517 708 1263
43 8512 12 0 15 11 0 1 0 187 0 9 243 2 0 1 2218 8629 251 23 0 136 3 2262 91 0 1428 5 755 1353 8 138 1384 138
44 6169 0 53 111 778 6 4152 2 0 1107 117 38 6 83 1696 1 8 88 2 3 69 3 0 63 0 90 0 26 6 486 66 708 884 243
45 183 8843 59 1996 4 5270 105 39 1 10 1954 27 13 0 155 3644 7 447 151 665 4 1 0 2 7 9061 0 8 455 2 6082 8 624 121 583 867
46 544 0 1 25 4 130 2838 7 12 28 124 3 0 134 31 429 0 2842 687 36 4 503 13 3941 9 11 2932 5 371 7 2848 28 139
47 736 0 8989 1121 1 0 166 1327 6 1426 31 61 3379 2697 10 4181 0 99 65 735 6 13 17 1038 4738 1613 140 82 773 429 32 0 2902 30 138
48 352 6 1 4 15 2849 10 1 0 21 0 5 91 5 9 715 287 0 1 6 28 0 14 3 8355 0 338 19 6 5 27 1052 138 155
49 762 6 141 4 0 1593 1 1499 11 0 10 0 5 33 73 1 427 1883 1119 3 388 62 1279 2 358 4 109 8 9 4 28 63 977 1671 6165
50 2393 128 8 382 191 1 583 4 0 2 447 5 330 180 5 906 0 91 17 1000 0 2080 636 25 337 739 5 1154 30 315 73 836 720 184 867
51 9234 0 28 1 33 4 1 2 8783 9 2 0 4 0 1 213 6 0 4 23 6 4705 597 788 4606 288 78 966 14 9 13 63 7 725 27 197 5501
52 175 0 1 7 5299 27 0 270 19 389 301 498 25 16 0 2 37 3 1017 1 1401 2 6689 0 8056 5 1 4947 6 1 2 120 7 5681 309 355
53 510 26 230 7433 23 2282 334 20 4 45 4 121 216 0 6 4 25 369 4478 0 70 225 1 978 184 7981 266 7 1 100 395 14 295 404 138
54 8725 2902 7142 2 475 1 0 77 30 4336 95 15 2 19 0 2 110 6321 1 12 104 1 180 1657 144 6 153 926 14 382 63 138 867
55 2739 20 0 3 72 0 1 508 115 4 0 208 4 822 84 14 1300 0 9 6043 0 5882 42 460 524 7064 1983 2 0 8 404 152 927 566 252 138 1077 968 900
56 2066 4 2 44 0 3 5 0 2 69 108 240 30 15 0 7429 2206 0 122 22 96 161 3470 250 0 7 9 46 4 11 942 24 8 382 583 330 720 184 867
57 174 4 9 0 16 50 5 3 2 0 244 32 1407 8 0 1506 95 58 750 0 611 947 3648 457 2 5 0 21 4482 11 6 13 138
58 221 1540 1 111 2 8 1044 71 1799 8 685 0 1 19 3 0 1067 101 156 1360 311 138 67 257 1 378 2380 869 26 126 3106 968
59 167 21 323 0 2 5 769 75 1011 1 111 203 0 31 125 725 8601 6408 93 35 3843 6238 225 2187 5 1429 39 64 22 1728 37 1412
60 412 0 18 23 9 4 13 168 2025 77 10 9 23 85 4 1148 5 1304 156 2160 0 474 130 0 1128 1213 2380 8743 6379 15 2848 5554 5985 4247
61 341 360 2 189 3 53 0 8 798 3594 0 50 12 404 152 0 927 41 566 0 252 19 0 107 4 10 5 243 1218 6467 4968 2 1029 138 1077
62 1503 42 1 17 29 19 24 68 0 169 3 8 0 1591 796 5778 0 92 216 1 13 2 1 38 24 1 42 2475 27
63 0 2 2178 4 1283 115 0 188 7820 5127 57 2 34 56 3 0 660 0 5 0 3100 135 6 0 3249 425 8 409 34 9 2158 1554 9 184 138
64 1323 4 784 7 2 1638 22 4 1 246 332 1404 1 3 6 46 2 125 45 1 0 5526 0 2 122 0 163 0 8454 17 1783 1936 37 126 5526 2591 859
65 43 5 146 2 1713 2 144 444 20 63 69 234 0 773 14 1074 2 119 20 30 0 93 7672 1 111 489 38 1643 11 18 63 10 444 47 8 9517 708 155 1263
66 2664 276 0 4477 2579 1 0 45 12 126 6 14 0 2 4 17 15 11 218 1402 32 0 7 0 49 3700 13 6 2 429 375 9 138
67 333 70 127 16 1562 0 10 0 3 1 293 6504 4151 39 1516 3357 11 658 3 220 2860 161 348 0 36 107 14
68 8733 68 244 433 11 0 81 4 4138 5350 2 3 21 207 33 161 2 1130 10 2 12 1593 651 2657 3 75 173 197 134 28 1888 554 155
69 8180 28 0 58 276 3 57 63 2 47 0 245 3561 5 1 54 8 5 756 13 18 3520 1 6767 2177 7231 3 7 3 1446 6 1061 0 119 7 18 8 1671
70 1257 151 2624 446 6 990 2862 0 8 82 203 17 18 57 34 46 315 2 158 3 809 33 10 5492 102 132 46 4 2033 0 76 8 9896 3600 1954 2848 3097
71 2684 0 67 1 41 1389 0 350 5020 1 84 391 37 5 1099 143 29 11 3 2212 2 180 5 448 9357 153 1 4 5 197 442 968
72 6029 1171 3 2 2429 99 92 131 0 578 43 420 5997 2693 0 65 4525 4 30 254 5 9 4 41 53 4 0 13 12 36 3215 158 1077 968
73 180 2 6359 65 50 252 74 7702 33 4 29 0 7 0 637 0 19 0 268 0 178 2 0 1039 17 1495 308 17 6 27 1845 53 1 751 348 3774 867
74 140 101 266 12 115 0 1235 130 0 193 5 2 7685 1001 109 138 3 1134 168 0 37 3 0 344 6642 1 433 1048 83 138 1495 583
75 194 4 245 8150 775 0 5990 3 2266 3 0 17 0 23 1072 981 55 344 32 1 28 1 88 250 236 345 92 26 96 9134 15 4063 583 2264 3106
76 3228 16 27 455 0 5 22 103 128 0 245 11 3279 48 3 17 47 1 0 8 1 0 35 556 6 0 34 0 45 305 155 869 2060 8095 867
77 9355 0 28 1 1087 6 69 33 203 5 9710 0 5872 533 25 2 180 95 289 302 1 9 207 715 4 1 512 0 1228 53 1577 3591
78 1156 26 39 33 0 1042 2 3 5 0 11 8 1 5 7 55 1948 7 2 1 0 35 233 6 17 53 1959 1438 1 28 19 126
79 500 2051 33 2221 98 238 5 21 2 4 3 4 2 1757 227 23 10 7 0 77 218 351 3 1896 11 2987 0 1121 96 2 72 199 485 968
80 36 0 2012 112 299 1 7 25 6 51 9628 17 2 319 17 7274 703 77 1363 48 124 1159 0 18 15 178 0 3 2 1540 8 1799 8 138 869
81 47 0 3 2 26 1583 21 0 3 45 21 2 4 117 0 5 2 100 4 6025 3915 1 12 1 0 672 7777 1 8 120 7117
82 565 3 7710 0 1 17 103 0 24 1 16 2592 0 12 677 110 516 0 24 7 0 202 9666 1 11 1478 72 6051 8660 909 1077 968
83 406 63 3 0 1027 0 328 0 1 2 469 9 1 27 1127 3730 0 1 597 278 71 0 561 4051 2 92 5 2 6137 1388 4090 554
84 249 142 2398 18 4 0 1992 3591 0 402 4 251 7 118 7 4 76 237 83 20 7 31 5817 1 0 2 6 75 331 1393 1888 426 197 236 554 155
85 3593 0 28 149 3 0 88 139 7345 296 0 34 1 0 2 2447 2 153 1 332 23 3 21 2 4 9 6790 15 2692 2 19 27 355
86 247 8660 0 10 362 1294 3 360 11 0 4 105 0 1 0 1546 2 0 3 1 17 38 13 0 271 1227 1299 494 1077 468
87 6614 8949 251 1 0 6779 4048 6052 1 0 3 97 3 91 18 949 2498 6045 0 176 9 2334 0 24 1 14 138 110 3160 152 138
88 714 24 19 2 5361 67 99 513 0 21 41 179 5005 23 0 1 51 42 105 0 1532 33 134 25 1388 7 353 161 280 554 3110
89 950 4 8 29 776 597 1317 149 9 1 11 5357 151 28 4 297 756 1 0 8 36 2244 36 270 2346 0 9 1057 515 36 6 7 9 27 8 139
90 5063 0 307 1 227 15 0 21 5 6549 3 1397 0 1554 24 2380 0 5 14 4259 0 75 0 3642 3 1 9 0 7 285
91 663 12 0 13 0 8088 2 5 112 84 4370 22 2665 0 15 4 3003 0 2 164 55 2 5275 443 0 42 4 13 48 111 142 9 6 4148 19
92 3511 5136 2 31 11 10 2 166 5469 14 25 2978 281 0 7013 186 2340 4589 10 123 279 5 17 1208 7 5561 52 2 7301 11 62 339 1512 2509 8 2841 138
93 4654 1783 0 75 1936 5 0 80 923 0 2147 48 30 647 0 17 5502 5193 6210 0 6 37 3230 0 4688 1214 0 2 1966 126 5526 2591
94 1966 13 7995 27 2610 0 11 10 11 722 3 29 0 102 47 1 6 2 835 1 97 23 104 8 5 1 127 65 82 7 402 15 98 332 8 155 3244 155
95 191 41 12 7866 4300 132 41 0 3 389 36 1 1216 14 6 15 3 1 58 0 66 25 1114 6412 1 145 0 3937 102 4337 8 968 3774 9365 7585
96 196 44 358 0 4 1 0 793 131 34 296 5 541 309 5 15 0 9 442 3 7 231 1 0 1272 1506 1 7 1721 26 4632 2 628 4 110 21 968
97 218 0 1209 14 1 13 674 1177 2538 6 7 6 38 2 213 4 0 4 146 0 1358 138 246 1 1266 1 0 581 6051 1077
98 160 231 4 2 1 4 5 0 6015 1787 3 4642 0 4314 254 37 1 51 1697 17 64 34 11 3098 204 35 2 386 14 216 1263
99 459 605 1654 9465 0 47 3 1 0 1 22 0 179 21 0 22 1 5540 5 3 0 2650 1828 2 531 583
